ENSEMBL.ID,term,estimate,std.error,statistic,p.value,p.adj,symbol
ENSMUSG00000069805,chol1,-0.5997474986008382,0.1503202114926199,-3.989799459737211,1.3005201475345876e-4,1.3005201475345876e-4,Fbp1
ENSMUSG00000026895,chol1,-0.025659011115798908,0.0065947896815980594,-3.890800518991104,1.8536638626997265e-4,1.8536638626997265e-4,Ndufa8
ENSMUSG00000026814,chol1,-0.04458694289699589,0.012015332920274228,-3.7108370773282138,3.479917512594826e-4,3.479917512594826e-4,Eng
ENSMUSG00000000088,chol1,-0.05832631284387077,0.01572641082469773,-3.708812741447115,3.5042818828785033e-4,3.5042818828785033e-4,Cox5a
ENSMUSG00000040048,chol1,-0.04098446663968795,0.011088782311281329,-3.696029508848039,3.6619207311891326e-4,3.6619207311891326e-4,Ndufb10
ENSMUSG00000049422,chol1,-0.20702223405171288,0.05698323363630043,-3.6330376646058227,4.542113437372393e-4,4.542113437372393e-4,Chchd10
ENSMUSG00000038462,chol1,-0.07358241942983093,0.020460539921618684,-3.596308783234184,5.144290248577533e-4,5.144290248577533e-4,Uqcrfs1
ENSMUSG00000083863,chol1,2.1122675229677714,0.5908635003957763,3.57488239086171,5.529711456568176e-4,5.529711456568176e-4,NA
ENSMUSG00000026238,chol1,-0.08632917815414023,0.025303239810862615,-3.411783581843118,9.495590538596416e-4,9.495590538596416e-4,Ptma
ENSMUSG00000025481,chol1,-0.07127675885346256,0.021164220188197743,-3.3677951854427475,0.0010955128126415926,0.0010955128126415926,Urah
ENSMUSG00000047260,chol1,-0.026353008369137513,0.007981157551560973,-3.301903038361062,0.0013540455252549967,0.0013540455252549967,Emc6
ENSMUSG00000035885,chol1,-0.050525002927476075,0.015405413531473431,-3.279691442508371,0.0014533776314583626,0.0014533776314583626,Cox8a
ENSMUSG00000090555,chol1,-1.4961553241749248,0.46307861741160666,-3.2308883803310433,0.0016960748743273509,0.0016960748743273509,Gm8893
ENSMUSG00000015092,chol1,-0.03875252524948123,0.012006810188180398,-3.2275454214833457,0.0017140142659238728,0.0017140142659238728,Edf1
ENSMUSG00000003518,chol1,-0.0568056656564004,0.017784608171236824,-3.194091492455404,0.00190356359769368,0.00190356359769368,Dusp3
ENSMUSG00000021594,chol1,-0.11595270305060221,0.036883260427217596,-3.14377584051751,0.002225768852334787,0.002225768852334787,Srd5a1
ENSMUSG00000072849,chol1,12.006352226302509,3.8640624854965413,3.1071837661444195,0.0024912284338246726,0.0024912284338246726,Serpina1e
ENSMUSG00000015869,chol1,-0.03095432913441417,0.0100646486302023,-3.07554990459632,0.0027441321602378805,0.0027441321602378805,Prpsap1
ENSMUSG00000021595,chol1,-0.04438947288210021,0.014545633588773301,-3.0517386960964807,0.0029499930298147125,0.0029499930298147125,Nsun2
ENSMUSG00000024039,chol1,-0.3190410185464218,0.10586345559460461,-3.013703045630431,0.003308729948508528,0.003308729948508528,Cbs
ENSMUSG00000060591,chol1,-0.09353305822233313,0.03105594873902582,-3.011759808348625,0.003328099422871242,0.003328099422871242,Ifitm2
ENSMUSG00000001366,chol1,-0.024713847650700428,0.008314884337512752,-2.9722419034986998,0.003745475598719148,0.003745475598719148,Fbxo9
ENSMUSG00000062031,chol1,-0.053164212121473015,0.01789094994064235,-2.971570112143762,0.0037529714498563548,0.0037529714498563548,Pgghg
ENSMUSG00000062397,chol1,-0.03431230616233715,0.011611840355512285,-2.9549412592508366,0.003942988553150648,0.003942988553150648,Zfp706
ENSMUSG00000001525,chol1,-0.030349598634418485,0.010296019362782575,-2.9477021715911267,0.004028449897400405,0.004028449897400405,Tubb5
ENSMUSG00000038527,chol1,-0.08279358899957813,0.028095050073228326,-2.9469101775501674,0.004037902754144024,0.004037902754144024,C1rl
ENSMUSG00000022574,chol1,-0.041313184534316025,0.014046321778600232,-2.941210174841448,0.004106540839679919,0.004106540839679919,Naprt
ENSMUSG00000024065,chol1,-0.044510220895291046,0.015193433731095139,-2.929569555050329,0.004250067232502014,0.004250067232502014,Ehd3
ENSMUSG00000035203,chol1,-0.053627850500684505,0.018642715510900937,-2.8766115359818016,0.00496320597633323,0.00496320597633323,Epn1
ENSMUSG00000020496,chol1,-0.028198317734477917,0.009890487624908425,-2.851054346750573,0.005345309998245247,0.005345309998245247,Rnf187
ENSMUSG00000030108,chol1,-0.11780126277541948,0.04135107926405822,-2.8488074524770797,0.005380162045753956,0.005380162045753956,Slc6a13
ENSMUSG00000070493,chol1,-0.1260364163818117,0.04424633217159407,-2.848516706266705,0.005384687069429627,0.005384687069429627,Chchd2
ENSMUSG00000024066,chol1,0.10167161532103211,0.035845515020384994,2.8363831643432227,0.005576668620179934,0.005576668620179934,Xdh
ENSMUSG00000025362,chol1,-0.039220768247216715,0.013872759459861885,-2.827178569677816,0.005726470072644499,0.005726470072644499,Rps26
ENSMUSG00000041697,chol1,-0.07120635783229004,0.025208653804631564,-2.8246791115520558,0.005767779504454711,0.005767779504454711,Cox6a1
ENSMUSG00000019188,chol1,-0.041428859489758135,0.014774572053027554,-2.8040649394828785,0.006119027630436092,0.006119027630436092,H13
ENSMUSG00000027261,chol1,-0.13179415348584897,0.04712438975414194,-2.796729128450201,0.006248672189451082,0.006248672189451082,Hao1
ENSMUSG00000067071,chol1,-0.06336864462162371,0.022697401310099178,-2.7918898624499326,0.006335565635937333,0.006335565635937333,Hes6
ENSMUSG00000020238,chol1,-0.022927588061063698,0.008229924394631886,-2.785880764107459,0.006445001524933444,0.006445001524933444,Ncln
ENSMUSG00000054733,chol1,-0.07488359476842799,0.02695213122001372,-2.7783923340660355,0.0065837954826241454,0.0065837954826241454,Msra
ENSMUSG00000000441,chol1,-0.02952074900336659,0.01069291497471857,-2.7607765584186326,0.006921123817075956,0.006921123817075956,Raf1
ENSMUSG00000023951,chol1,-0.05721471216021904,0.020741018020008654,-2.7585296008626274,0.006965267209456762,0.006965267209456762,Vegfa
ENSMUSG00000020265,chol1,-0.02146567108084138,0.007815474082944833,-2.7465603305734745,0.007204772011635962,0.007204772011635962,Sumo3
ENSMUSG00000025004,chol1,0.3160767848563384,0.11565398245223862,2.7329520190700562,0.007486178721915056,0.007486178721915056,Cyp2c40
ENSMUSG00000030678,chol1,-0.019420493882436007,0.0071392188880159925,-2.720254720728,0.007757738524037131,0.007757738524037131,Maz
ENSMUSG00000026866,chol1,-0.0941532317183424,0.034618403312945245,-2.7197450693265983,0.0077688234150309005,0.0077688234150309005,Kynu
ENSMUSG00000025809,chol1,-0.04748442858249882,0.017489022744534562,-2.7150990238913164,0.00787054136056739,0.00787054136056739,Itgb1
ENSMUSG00000027593,chol1,-0.016041788128223444,0.005909713602475826,-2.714478096113299,0.007884227027373333,0.007884227027373333,Raly
ENSMUSG00000020153,chol1,-0.021984652749674944,0.008122350902648266,-2.7066859106649677,0.008057822436865028,0.008057822436865028,Ndufs7
ENSMUSG00000096145,chol1,-0.0620685138753756,0.022938676890380632,-2.705845423081229,0.008076753146542855,0.008076753146542855,Vkorc1
ENSMUSG00000027637,chol1,-0.027970821415348592,0.010351196228748057,-2.702182510816102,0.008159727795080191,0.008159727795080191,Rab5if
ENSMUSG00000031818,chol1,-0.07735080514202555,0.028769531449539275,-2.688636249696874,0.008473362388399177,0.008473362388399177,Cox4i1
ENSMUSG00000028743,chol1,-0.062144212422830865,0.023250009357604153,-2.6728682757500035,0.00885220220284492,0.00885220220284492,Akr7a5
ENSMUSG00000021748,chol1,-0.07579099374897748,0.02835731295352214,-2.672714226245608,0.008855978023741122,0.008855978023741122,Pdhb
ENSMUSG00000034371,chol1,-0.3922034596740168,0.14713245533500693,-2.665648845327878,0.009030732126061815,0.009030732126061815,Tkfc
ENSMUSG00000014606,chol1,-0.02801535939074055,0.010516606681643649,-2.6639162458780867,0.00907406080561836,0.00907406080561836,Slc25a11
ENSMUSG00000019055,chol1,-0.021581919907698394,0.008117259923629286,-2.6587691056773455,0.009203894255384728,0.009203894255384728,Plod1
ENSMUSG00000032330,chol1,-0.02602729948941372,0.009823143279292275,-2.6495897239207227,0.009439625237177113,0.009439625237177113,Cox7a2
ENSMUSG00000089943,chol1,0.1933401896401786,0.07328192048455295,2.638306806942002,0.009736863778650757,0.009736863778650757,Ugt1a5
ENSMUSG00000019951,chol1,0.02337261742192679,0.00892272227300549,2.619449166611129,0.010252615760566762,0.010252615760566762,Uhrf1bp1l
ENSMUSG00000018293,chol1,-0.040710216116616876,0.01568498765002713,-2.595489204388788,0.010943497201934618,0.010943497201934618,Pfn1
ENSMUSG00000002957,chol1,-0.031321924385014736,0.012074986078867422,-2.593951179772506,0.010989249447127307,0.010989249447127307,Ap2a2
ENSMUSG00000034101,chol1,0.04031593631878491,0.015567528560976002,2.5897454538703806,0.011115241726265915,0.011115241726265915,Ctnnd1
ENSMUSG00000010175,chol1,0.1190584498153108,0.04614008933499197,2.5803688621170187,0.011400843494855002,0.011400843494855002,Prox1
ENSMUSG00000003072,chol1,-0.06319236100946261,0.02449825441723815,-2.579463823552972,0.011428757303592444,0.011428757303592444,Atp5d
ENSMUSG00000029616,chol1,-0.024186596163284283,0.009393365982073689,-2.5748593432260614,0.011571728313955632,0.011571728313955632,Erp29
ENSMUSG00000046447,chol1,-0.03368371010237555,0.01310793228836882,-2.5697195683765033,0.011733222960528377,0.011733222960528377,Camk2n1
ENSMUSG00000036256,chol1,-0.025692175200833462,0.010022442431791708,-2.563464482403665,0.011932499261470216,0.011932499261470216,Igfbp7
ENSMUSG00000079012,chol1,0.3697764807432344,0.14526886126175972,2.5454627890070314,0.012523122697437855,0.012523122697437855,Serpina3m
ENSMUSG00000021770,chol1,-0.033135686407039705,0.01304233830691265,-2.540624666167205,0.012686278759897463,0.012686278759897463,Samd8
ENSMUSG00000059534,chol1,-0.028225287581474218,0.011137621803417545,-2.534229306728064,0.012904881822300051,0.012904881822300051,Uqcr10
ENSMUSG00000022210,chol1,-0.05600105970329171,0.02212682186480355,-2.5309129365917147,0.013019568135576714,0.013019568135576714,Dhrs4
ENSMUSG00000063856,chol1,-0.45222199873429686,0.17923898259773138,-2.5230114129202863,0.013296516105161103,0.013296516105161103,Gpx1
ENSMUSG00000054874,chol1,-0.018206864500908373,0.007223737715620139,-2.5204215902716176,0.01338843367175661,0.01338843367175661,Pcnx3
ENSMUSG00000018363,chol1,0.017870560353363582,0.007094273289877846,2.5190121134551458,0.013438697950956945,0.013438697950956945,Smurf2
ENSMUSG00000068877,chol1,1.2969974247681701,0.5165975174011845,2.5106536153965577,0.013740271953136853,0.013740271953136853,Selenbp2
ENSMUSG00000054455,chol1,-0.020343547110839404,0.008119905517684965,-2.5053920968084706,0.01393320721060353,0.01393320721060353,Vapb
ENSMUSG00000004394,chol1,-0.014998905683608716,0.006012114780758304,-2.494780327816182,0.014329738550675215,0.014329738550675215,Tmed4
ENSMUSG00000030432,chol1,-0.11384476515614637,0.04565918395704864,-2.4933596111406535,0.014383587177474455,0.014383587177474455,Rpl28
ENSMUSG00000058709,chol1,-0.020660067676358917,0.008286054294912155,-2.4933541274336952,0.014383795374103557,0.014383795374103557,Egln2
ENSMUSG00000030869,chol1,-0.0225400048217253,0.009062732997125426,-2.487109002204377,0.01462266009110184,0.01462266009110184,Ndufab1
ENSMUSG00000031700,chol1,0.3559581584883892,0.14357408189444262,2.4792647376989243,0.014927718666747341,0.014927718666747341,Gpt2
ENSMUSG00000022193,chol1,-0.018110045720288265,0.007346575203999833,-2.4651004335228577,0.015493016624971333,0.015493016624971333,Psmb5
ENSMUSG00000022016,chol1,0.022176673440042705,0.008998048920020207,2.4646091210618692,0.015512963876418822,0.015512963876418822,Akap11
ENSMUSG00000025393,chol1,-0.34875476106629005,0.1419075774243106,-2.4576190179295097,0.015799258801144526,0.015799258801144526,Atp5b
ENSMUSG00000048076,chol1,-0.04766962549831667,0.01948048480701126,-2.4470451310924153,0.016241310245584516,0.016241310245584516,Arf1
ENSMUSG00000026201,chol1,-0.01936768458167226,0.007923853868937729,-2.4442253607926125,0.01636104312409986,0.01636104312409986,Stk16
ENSMUSG00000025289,chol1,-0.03666349566475231,0.015035243869097877,-2.438503557638147,0.016606425677794277,0.016606425677794277,Prdx4
ENSMUSG00000036427,chol1,-0.09937846824118955,0.04076344313807615,-2.437931160637471,0.016631152965748772,0.016631152965748772,Gpi1
ENSMUSG00000046959,chol1,-0.12371027759361465,0.05082461260243916,-2.434062381572931,0.01679914534148822,0.01679914534148822,Slc26a1
ENSMUSG00000031278,chol1,0.11567063724266184,0.0475719047021035,2.4314905608046256,0.016911656114037044,0.016911656114037044,Acsl4
ENSMUSG00000074227,chol1,-0.024130927105845475,0.009973162413809352,-2.419586296161442,0.01744123660786578,0.01744123660786578,Spint2
ENSMUSG00000027605,chol1,0.2842604960780429,0.11851962642509976,2.3984255152684395,0.018419166717184028,0.018419166717184028,Acss2
ENSMUSG00000022450,chol1,-0.03527535900328046,0.014764831069940983,-2.3891474840572937,0.01886310704679209,0.01886310704679209,Ndufa6
ENSMUSG00000050856,chol1,-0.02345115450185549,0.00986723584245994,-2.3766690972300735,0.01947515983773061,0.01947515983773061,Atp5k
ENSMUSG00000056035,chol1,-3.479169234163636,1.4640901150825751,-2.3763354443298117,0.019491764386538955,0.019491764386538955,Cyp3a11
ENSMUSG00000078687,chol1,0.0858668394882083,0.03620122857813692,2.3719316404655397,0.01971210394682015,0.01971210394682015,Mup8
ENSMUSG00000029864,chol1,-0.1143020299894094,0.048190376738747896,-2.3718849638605097,0.019714451146493714,0.019714451146493714,Gstk1
ENSMUSG00000053768,chol1,-0.020261218906329363,0.008549725928574512,-2.3698091699773935,0.019819086406712316,0.019819086406712316,Chchd3
ENSMUSG00000063232,chol1,-0.11537122075752748,0.04868504262264891,-2.3697467341613314,0.019822241246696817,0.019822241246696817,Serpina11
ENSMUSG00000015750,chol1,-0.024432642090217917,0.010327711660695326,-2.3657362727507594,0.02002582264169247,0.02002582264169247,Aph1a
ENSMUSG00000003039,chol1,-0.022822523183027525,0.009680658513963429,-2.3575382966053606,0.020447749337025277,0.020447749337025277,Fam32a
ENSMUSG00000066441,chol1,0.09030056134353931,0.03839519705802112,2.3518712824179833,0.02074400030902198,0.02074400030902198,Rdh11
ENSMUSG00000062234,chol1,-0.01958661493357213,0.008357070631130128,-2.343717768833004,0.021176904029788425,0.021176904029788425,Gak
ENSMUSG00000020154,chol1,-0.053480437313265745,0.02293214060293053,-2.3321171032080366,0.02180660646778085,0.02180660646778085,Ptprb
ENSMUSG00000017344,chol1,-0.7016977300867051,0.3010599115062793,-2.330757777001703,0.021881465707123533,0.021881465707123533,Vtn
ENSMUSG00000029826,chol1,0.01715327343487657,0.007369382460243931,2.3276405489081897,0.022053992358574446,0.022053992358574446,Zc3hav1
ENSMUSG00000035093,chol1,0.025661299196666126,0.011043600492560842,2.3236352323639395,0.022277435109296945,0.022277435109296945,Secisbp2l
ENSMUSG00000025204,chol1,-0.026485844275492717,0.011399678366713998,-2.3233852239927155,0.022291448284895442,0.022291448284895442,Ndufb8
ENSMUSG00000061353,chol1,-0.15696132253037248,0.06777982989406675,-2.31575267709712,0.02272302275666685,0.02272302275666685,Cxcl12
ENSMUSG00000011752,chol1,-0.10279547829793087,0.04474224256176068,-2.2975039339173815,0.02378490241292358,0.02378490241292358,Pgam1
ENSMUSG00000074064,chol1,-0.047706438165677906,0.020765102208027193,-2.297433342140544,0.02378909360182822,0.02378909360182822,Mlycd
ENSMUSG00000046879,chol1,0.058411704953461735,0.025457463268104132,2.2944825389042687,0.023964872446215434,0.023964872446215434,Irgm1
ENSMUSG00000019087,chol1,-0.015955339888583706,0.007000889511159748,-2.279044664702984,0.024903280698025304,0.024903280698025304,Atp6ap1
ENSMUSG00000057554,chol1,0.05552133294874332,0.024454727781043,2.270372152405751,0.025444505435832945,0.025444505435832945,Lgals8
ENSMUSG00000031969,chol1,-0.02676346660524706,0.01182505279263676,-2.2632851687488595,0.025894431073785158,0.025894431073785158,Acad8
ENSMUSG00000074768,chol1,2.961454639016368,1.3104359295869363,2.259900367620301,0.026111774339263833,0.026111774339263833,Bhmt
ENSMUSG00000020571,chol1,-0.14539224442703264,0.06438585398833818,-2.2581395667030626,0.026225470186880567,0.026225470186880567,Pdia6
ENSMUSG00000025279,chol1,-0.03459349863527952,0.015329370342926795,-2.256680989590775,0.026319980171335165,0.026319980171335165,Dnase1l3
ENSMUSG00000022711,chol1,-0.01114733453302451,0.004948742740843302,-2.2525589057241886,0.02658869296061106,0.02658869296061106,Pmm2
ENSMUSG00000055302,chol1,-0.03363044497636493,0.014957816153065025,-2.2483526092459476,0.026865373925354413,0.026865373925354413,Mrfap1
ENSMUSG00000061904,chol1,-0.05450739334085292,0.024256883649572535,-2.247089697435782,0.026948936930373348,0.026948936930373348,Slc25a3
ENSMUSG00000035769,chol1,-0.06613897839694852,0.0294606745014181,-2.2449919941162544,0.02708823932774549,0.02708823932774549,Xylb
ENSMUSG00000070985,chol1,-0.03063338670237038,0.013647710775220668,-2.2445805898810214,0.027115633423538472,0.027115633423538472,Acnat1
ENSMUSG00000035027,chol1,-0.03294859679183061,0.0146898927348365,-2.2429433207292466,0.027224894775668387,0.027224894775668387,Map2k2
ENSMUSG00000063524,chol1,-0.20055644470944795,0.08942028487949061,-2.2428517755197563,0.02723101532136431,0.02723101532136431,Eno1
ENSMUSG00000022037,chol1,-0.5532931818651465,0.24734537444009494,-2.236925526170087,0.02762980869896773,0.02762980869896773,Clu
ENSMUSG00000040462,chol1,-0.07541313123703085,0.033744894085175524,-2.234801242720765,0.027773998238512572,0.027773998238512572,Os9
ENSMUSG00000029221,chol1,-0.02322336349781731,0.010396648730036043,-2.2337355142840147,0.027846584426182354,0.027846584426182354,Slc30a9
ENSMUSG00000095597,chol1,0.07486540709138026,0.03355681911256151,2.2310042808364834,0.02803336625164685,0.02803336625164685,Rps7-ps3
ENSMUSG00000022551,chol1,-0.04774487906940704,0.021407597592633512,-2.2302773051860965,0.028083266673461015,0.028083266673461015,Cyc1
ENSMUSG00000025246,chol1,-0.016171110848020923,0.007257299689730469,-2.228254521568684,0.028222522257525997,0.028222522257525997,Tbl1x
ENSMUSG00000024758,chol1,-0.023583036567620383,0.010585521320031687,-2.22785783095941,0.028249902625542573,0.028249902625542573,Rtn3
ENSMUSG00000067736,chol1,-0.7068424978259182,0.3172792360244301,-2.2278246338549943,0.028252195009103368,0.028252195009103368,Gm10222
ENSMUSG00000058258,chol1,0.30092054098036003,0.13518245072365745,2.2260325905431877,0.028376184143818286,0.028376184143818286,Idi1
ENSMUSG00000019368,chol1,-0.10636082838962979,0.04781863864801769,-2.224254629508131,0.028499669295089604,0.028499669295089604,Sec14l4
ENSMUSG00000025347,chol1,-0.2081040373769814,0.09366005182509869,-2.2219082022888057,0.028663355847319976,0.028663355847319976,Mettl7b
ENSMUSG00000024799,chol1,0.07487761746497786,0.03370431185405279,2.221603508453598,0.028684671478649303,0.028684671478649303,Tm7sf2
ENSMUSG00000046805,chol1,0.1935719386779862,0.08730463720304038,2.2172011118699784,0.02899420338362588,0.02899420338362588,Mpeg1
ENSMUSG00000065990,chol1,-0.014774731791529262,0.006678300090440702,-2.2123491893809577,0.029338720763491692,0.029338720763491692,Aurkaip1
ENSMUSG00000020064,chol1,0.017210576110073098,0.007792592823344592,2.2085814696380215,0.02960871542295192,0.02960871542295192,Herc4
ENSMUSG00000022956,chol1,-0.03309915176380434,0.015035280869002505,-2.201432221465395,0.030127002041763815,0.030127002041763815,Atp5o
ENSMUSG00000061477,chol1,-0.086427961185111285,0.03933395353278765,-2.1972864007445225,0.03043116823762438,0.03043116823762438,Rps7
ENSMUSG00000039501,chol1,0.022603975899983638,0.010308857208139932,2.192675234858759,0.030772619939270027,0.030772619939270027,Znfx1
ENSMUSG00000026202,chol1,-0.10212228244117057,0.046616253351507375,-2.1907012061034363,0.030919813059049294,0.030919813059049294,Tuba4a
ENSMUSG00000039349,chol1,-0.07466620435505114,0.034091877482565286,-2.1901464474414976,0.03096128890250182,0.03096128890250182,C130074G19Rik
ENSMUSG00000004038,chol1,0.09071487162156343,0.041641345220004775,2.178480813775041,0.03184476029278436,0.03184476029278436,Gstm3
ENSMUSG00000013858,chol1,-0.032113929576979706,0.014757165441070171,-2.1761584028599765,0.032023240299306054,0.032023240299306054,Tmem259
ENSMUSG00000038884,chol1,0.054941728717679335,0.025347666612303796,2.167526090587389,0.032694300502041224,0.032694300502041224,Shfl
ENSMUSG00000020267,chol1,-0.02679935823697061,0.012377737725167016,-2.1651257145706726,0.0328830616802538,0.0328830616802538,Hint1
ENSMUSG00000028975,chol1,-0.014929688912614833,0.006898668695864536,-2.164140585786437,0.03296080429641119,0.03296080429641119,Pex14
ENSMUSG00000038324,chol1,-0.023534682541049175,0.010880425258203229,-2.1630296594616416,0.03304866608105555,0.03304866608105555,Trpc4ap
ENSMUSG00000032309,chol1,-0.013295476188426147,0.006163904504016956,-2.1569893206102746,0.03352996130919125,0.03352996130919125,Fbxo22
ENSMUSG00000053617,chol1,-0.05060977807148205,0.02350117979973424,-2.1534994626973734,0.03381080056163545,0.03381080056163545,Sh3pxd2a
ENSMUSG00000020315,chol1,0.04715145676376127,0.021928130362945338,2.1502725487002254,0.03407229574662216,0.03407229574662216,Sptbn1
ENSMUSG00000061232,chol1,0.6049968244203168,0.2822035987357042,2.1438310040366364,0.03459954625964246,0.03459954625964246,H2-K1
ENSMUSG00000037580,chol1,-0.061340863777649496,0.028719687089536965,-2.1358472181960835,0.035262844836884806,0.035262844836884806,Gch1
ENSMUSG00000028517,chol1,0.09491895209271486,0.044594225626090236,2.1285032032753075,0.03588269708911597,0.03588269708911597,Plpp3
ENSMUSG00000021792,chol1,0.09753044747332981,0.04591259604382981,2.1242634021440163,0.03624482645914129,0.03624482645914129,Prxl2a
ENSMUSG00000025178,chol1,0.01746329922249678,0.008221594232489126,2.1240770012082786,0.03626081967382951,0.03626081967382951,Pi4k2a
ENSMUSG00000073838,chol1,-0.028989850009901737,0.013650027473578923,-2.123794260928388,0.036285090475000115,0.036285090475000115,Tufm
ENSMUSG00000020089,chol1,-0.0369189828742649,0.017389755880790513,-2.123030543231905,0.036350719335752436,0.036350719335752436,Ppa1
ENSMUSG00000018442,chol1,-0.045168021585831,0.021283703092560526,-2.1221881074642015,0.03642323188368815,0.03642323188368815,Derl2
ENSMUSG00000001017,chol1,-0.010773717937679186,0.005086371094474722,-2.1181541294504793,0.03677219388770166,0.03677219388770166,Chtop
ENSMUSG00000002981,chol1,-0.022302304268087925,0.010553011196192924,-2.113359291813662,0.03719073401968966,0.03719073401968966,Clptm1
ENSMUSG00000032601,chol1,-0.03205651458141397,0.015168949169703409,-2.113298305820663,0.03719608389620783,0.03719608389620783,Prkar2a
ENSMUSG00000043207,chol1,-0.020045784219181833,0.009513047197156427,-2.1071885594317012,0.037735433451462685,0.037735433451462685,Zmpste24
ENSMUSG00000090137,chol1,-0.06638386237418309,0.03154243252508572,-2.1045891854215095,0.037966939706042153,0.037966939706042153,Uba52
ENSMUSG00000022841,chol1,-0.045107197070801824,0.021444296266252858,-2.103458957605783,0.03806798254733313,0.03806798254733313,Ap2m1
ENSMUSG00000043733,chol1,-0.020521507693234912,0.009759172622613874,-2.102791751596098,0.03812774001939957,0.03812774001939957,Ptpn11
ENSMUSG00000029998,chol1,-0.06438214041552937,0.030640040446576446,-2.101242017868259,0.03826685273339849,0.03826685273339849,Pcyox1
ENSMUSG00000034006,chol1,-0.05064711712487407,0.02410657048871562,-2.1009673337226538,0.03829155558861127,0.03829155558861127,Slc66a2
ENSMUSG00000028455,chol1,-0.011716149550976813,0.0055806731347113414,-2.0994151185998153,0.03843140812232203,0.03843140812232203,Stoml2
ENSMUSG00000026656,chol1,-0.021151707062966554,0.010087850294410373,-2.096750689756628,0.03867249801509505,0.03867249801509505,Fcgr2b
ENSMUSG00000028412,chol1,0.05292463337667144,0.02526758113912001,2.0945666736073907,0.03887109048692198,0.03887109048692198,Slc44a1
ENSMUSG00000006057,chol1,-0.042841372814079424,0.020458727088900917,-2.0940390195302685,0.03891920183225092,0.03891920183225092,Atp5g1
ENSMUSG00000034422,chol1,0.03621712138693486,0.01729850494620498,2.0936561569663463,0.038954143290737056,0.038954143290737056,Parp14
ENSMUSG00000068120,chol1,0.03534867226044202,0.016915142929722127,2.0897649169922037,0.03931081058098688,0.03931081058098688,NA
ENSMUSG00000055943,chol1,-0.01461954499272435,0.007005399379551549,-2.0868967207491633,0.039575506631711006,0.039575506631711006,Emc7
ENSMUSG00000019179,chol1,-0.0365064072119234,0.017509640540493598,-2.0849318481151573,0.03975772374880921,0.03975772374880921,Mdh2
ENSMUSG00000031835,chol1,-0.024142197156904095,0.011594647834708816,-2.0821845994005903,0.04001370859804921,0.04001370859804921,Mbtps1
ENSMUSG00000030357,chol1,-0.077013248249972,0.03700553269452411,-2.081127946075156,0.040112543626958985,0.040112543626958985,Fkbp4
ENSMUSG00000025487,chol1,-0.015212202538293966,0.007323331687436639,-2.077224300026023,0.04047950079340392,0.04047950079340392,Psmd13
ENSMUSG00000005354,chol1,-0.03428567930360509,0.01651493874658691,-2.076040355323195,0.04059136585442189,0.04059136585442189,Txn2
ENSMUSG00000049382,chol1,0.2938888304733039,0.1415907108587864,2.075622254389343,0.04063093369171435,0.04063093369171435,Krt8
ENSMUSG00000033335,chol1,-0.011393657536959366,0.005500618945183294,-2.071340998259188,0.041038013968800566,0.041038013968800566,Dnm2
ENSMUSG00000022351,chol1,0.10330846948967201,0.05010326933870706,2.0619107466079365,0.041947080304644085,0.041947080304644085,Sqle
ENSMUSG00000039640,chol1,-0.02375819882728752,0.011530122487495232,-2.060533082198737,0.04208132452545077,0.04208132452545077,Mrpl12
ENSMUSG00000031532,chol1,-0.04145490541669175,0.020146681229864707,-2.0576543076107496,0.042363034406658,0.042363034406658,Saraf
ENSMUSG00000021756,chol1,0.11063442884080557,0.05389255703083547,2.0528702836925024,0.04283477161763267,0.04283477161763267,Il6st
ENSMUSG00000001127,chol1,0.01556292437640454,0.007599964191475874,2.047762855759232,0.043343370693703684,0.043343370693703684,Araf
ENSMUSG00000074656,chol1,-0.031017270860419655,0.015151942964409432,-2.047082076092582,0.04341155284081048,0.04341155284081048,Eif2s2
ENSMUSG00000031545,chol1,-0.08053057098698997,0.039422139048439386,-2.0427752762994213,0.04384502844350777,0.04384502844350777,Gpat4
ENSMUSG00000028478,chol1,-0.016678385109478996,0.008175915349115185,-2.039941021562065,0.044132314857946366,0.044132314857946366,Clta
ENSMUSG00000042744,chol1,-0.019646466751620868,0.009633180091306827,-2.0394580569868337,0.04418142984210258,0.04418142984210258,Hectd4
ENSMUSG00000037805,chol1,-0.12331038483395178,0.06049648658386751,-2.038306549637458,0.04429872125987963,0.04429872125987963,Rpl10a
ENSMUSG00000029036,chol1,-0.02001614778588095,0.009826425267846522,-2.036971456077386,0.044435046669082434,0.044435046669082434,Atad3a
ENSMUSG00000021868,chol1,0.030387140372478246,0.014919442687303823,2.0367476861811435,0.04445793079761062,0.04445793079761062,Ppif
ENSMUSG00000020766,chol1,-0.02504253330004045,0.012296869537064034,-2.0364966241659856,0.0444836180152666,0.0444836180152666,Galk1
ENSMUSG00000025317,chol1,-0.05413461624232613,0.02662181418577271,-2.0334683378286393,0.044794458233277434,0.044794458233277434,Car5a
ENSMUSG00000084416,chol1,0.14489784430132338,0.07137058585145452,2.0302179472493482,0.045130165371709975,0.045130165371709975,Rpl10a-ps1
ENSMUSG00000028108,chol1,-0.08502177473932539,0.04193137526780132,-2.027640977581118,0.04539784937965943,0.04539784937965943,Ecm1
ENSMUSG00000027642,chol1,-0.05914845300109348,0.029213803576805305,-2.024674837207956,0.045707640401035005,0.045707640401035005,Rpn2
ENSMUSG00000055053,chol1,-0.062089571038651314,0.030704191633650832,-2.0221854976505256,0.04596902786441493,0.04596902786441493,Nfic
ENSMUSG00000019232,chol1,-0.15083330895204952,0.0746018118345692,-2.0218451166645255,0.04600486800461175,0.04600486800461175,Etnppl
ENSMUSG00000008604,chol1,-0.020768148285273926,0.01028315126445279,-2.0196287841321654,0.046238820061427086,0.046238820061427086,Ubqln4
ENSMUSG00000063882,chol1,-0.026607467345726308,0.013235681619142963,-2.0102831203829754,0.04723655573224128,0.04723655573224128,Uqcrh
ENSMUSG00000003037,chol1,-0.011780692218940762,0.0058607840238159995,-2.010088099317174,0.04725757044011255,0.04725757044011255,Rab8a
ENSMUSG00000044894,chol1,-0.06339791270955131,0.03163580398278533,-2.0039924619601694,0.047918450410506026,0.047918450410506026,Uqcrq
ENSMUSG00000039438,chol1,-0.12700025809145776,0.06344183382830276,-2.0018377532271177,0.048153940580248966,0.048153940580248966,Ttc36
ENSMUSG00000026926,chol1,-0.015117541436701937,0.0075524623626850185,-2.001670542761555,0.04817225639805075,0.04817225639805075,Pmpca
ENSMUSG00000021751,chol1,-0.1081166860540205,0.05402733623363943,-2.0011478186981764,0.04822955263907672,0.04822955263907672,Acox2
ENSMUSG00000032383,chol1,-0.08044153589171778,0.04025658386374819,-1.9982206181224655,0.04855148141310975,0.04855148141310975,Ppib
ENSMUSG00000025142,chol1,-0.02505420269327799,0.012539892976367704,-1.9979598502550515,0.048580248959572754,0.048580248959572754,Aspscr1
ENSMUSG00000033379,chol1,-0.013036569342437198,0.006534499920086168,-1.995037034488982,0.04890368594116392,0.04890368594116392,Atp6v0b
ENSMUSG00000053436,chol1,-0.023467167666887657,0.011800492646457944,-1.988659996659682,0.049615743120120494,0.049615743120120494,Mapk14
ENSMUSG00000024359,chol1,-0.12363108445768504,0.06244256990661105,-1.9799166601020326,0.05060636435486879,0.05060636435486879,Hspa9
ENSMUSG00000023004,chol1,-0.028040409459191836,0.014179516735903135,-1.97752927560587,0.050879763301905086,0.050879763301905086,Tuba1b
ENSMUSG00000035944,chol1,-0.04247845287194012,0.021486108169433634,-1.9770194088648598,0.05093831488656511,0.05093831488656511,Ttc38
ENSMUSG00000031375,chol1,-0.041173960702938675,0.020848905444740492,-1.9748739717808803,0.05118531899244374,0.05118531899244374,Bgn
ENSMUSG00000040706,chol1,-0.08889948967203655,0.04502685297571474,-1.974366045967826,0.05124394538385991,0.05124394538385991,Agmat
ENSMUSG00000001100,chol1,-0.017818111175209445,0.009025892253028264,-1.9741107777163323,0.05127343080236787,0.05127343080236787,Poldip2
ENSMUSG00000078812,chol1,-0.04851482379177039,0.024588889689030724,-1.9730384090263822,0.05139745518381793,0.05139745518381793,Eif5a
ENSMUSG00000056234,chol1,-0.07594649606943284,0.03849864515944048,-1.9727056823663196,0.05143598837098211,0.05143598837098211,Ncoa4
ENSMUSG00000018574,chol1,-0.11509593722285837,0.05835258235847146,-1.9724223431244439,0.05146882134667036,0.05146882134667036,Acadvl
ENSMUSG00000031078,chol1,0.014456722862727193,0.007337551432008769,1.9702380278606701,0.05172253559911565,0.05172253559911565,Cttn
ENSMUSG00000021497,chol1,-0.01925195658725167,0.009778895740857553,-1.968725007141081,0.0518988996848901,0.0518988996848901,Txndc15
ENSMUSG00000032802,chol1,0.28769547567181264,0.14631022001702965,1.9663388903271868,0.052178073956735085,0.052178073956735085,Srxn1
ENSMUSG00000022821,chol1,-0.20354682071792038,0.103517442797253,-1.966304568753526,0.05218209885032149,0.05218209885032149,Hgd
ENSMUSG00000016487,chol1,0.02321144320265883,0.011806437510214913,1.9659989037824763,0.05221795584115622,0.05221795584115622,Ppfibp1
ENSMUSG00000023043,chol1,0.18465520389009912,0.09393263175858567,1.965825937515279,0.05223825546510631,0.05223825546510631,Krt18
ENSMUSG00000037966,chol1,-0.037586207756089576,0.01914735011899953,-1.9629978833882367,0.052571112886983386,0.052571112886983386,Ninj1
ENSMUSG00000041959,chol1,0.06422446487459209,0.0327446643513017,1.9613719104144356,0.05276330148322908,0.05276330148322908,S100a10
ENSMUSG00000022272,chol1,-0.019726994213929615,0.010058226846478576,-1.9612795093039794,0.05277424110401428,0.05277424110401428,Myo10
ENSMUSG00000030654,chol1,-0.048878374045341434,0.024934822394448237,-1.9602455262013116,0.05289678859288049,0.05289678859288049,Arl6ip1
ENSMUSG00000018340,chol1,-0.036532578460664177,0.018642102362123245,-1.9596812500552805,0.05296376832695434,0.05296376832695434,Anxa6
ENSMUSG00000022656,chol1,-0.02441322599254354,0.012469797448612258,-1.9577884960160636,0.05318896471900463,0.05318896471900463,Nectin3
ENSMUSG00000030824,chol1,-0.04987931187091552,0.02549157694404127,-1.9566977743436527,0.053319105434928855,0.053319105434928855,Nucb1
ENSMUSG00000022040,chol1,-0.3862570395898087,0.19743624664096224,-1.95636336367464,0.053359060106801,0.053359060106801,Ephx2
ENSMUSG00000024990,chol1,-0.6360931221962953,0.32530551931751517,-1.9553714413785743,0.05347772231553441,0.05347772231553441,Rbp4
ENSMUSG00000068328,chol1,-0.028663668945505875,0.014673987555485983,-1.9533660388576344,0.053718309586715175,0.053718309586715175,Aup1
ENSMUSG00000029017,chol1,-0.029289741262775414,0.01500435142518533,-1.9520831279392428,0.05387270082282226,0.05387270082282226,Pmpcb
ENSMUSG00000002812,chol1,-0.01499020608570615,0.007679328862862455,-1.9520203332089856,0.053880267471093785,0.053880267471093785,Flii
ENSMUSG00000054611,chol1,-0.013616657252822,0.0069903580244785254,-1.9479198640670183,0.05437632084870221,0.05437632084870221,Kdm2a
ENSMUSG00000031826,chol1,-0.018630243238821783,0.009574396869464735,-1.9458398782526467,0.05462942282342875,0.05462942282342875,Usp10
ENSMUSG00000026589,chol1,0.03543690591608475,0.018226904438999356,1.9442086852807468,0.05482861137417846,0.05482861137417846,Sec16b
ENSMUSG00000015656,chol1,-0.6983964493159175,0.3596244797337926,-1.942015876763719,0.05509734915054695,0.05509734915054695,Hspa8
ENSMUSG00000025967,chol1,-0.03590467866644851,0.01849975256480292,-1.940819399647522,0.05524445216664654,0.05524445216664654,Eef1b2
ENSMUSG00000024694,chol1,-0.1997156576488923,0.10303201431874041,-1.9383844814588485,0.05554484468178074,0.05554484468178074,Keg1
ENSMUSG00000052214,chol1,-0.014571738705538947,0.007525688653625963,-1.9362664835354457,0.055807262395474,0.055807262395474,Opa3
ENSMUSG00000038217,chol1,0.06590358727753332,0.034056165169356556,1.935144105327302,0.05594674862937829,0.05594674862937829,Tlcd2
ENSMUSG00000022865,chol1,0.04434212177439487,0.022952418211934018,1.9319150324360752,0.05634969538422308,0.05634969538422308,Cxadr
ENSMUSG00000020733,chol1,-0.06570041806941564,0.03403285110677014,-1.9304999708456951,0.05652704878107331,0.05652704878107331,Slc9a3r1
ENSMUSG00000033114,chol1,0.036079802825875466,0.01870348592656295,1.9290416218419706,0.05671032111444387,0.05671032111444387,Slc35d2
ENSMUSG00000019579,chol1,-0.015142303923678992,0.007853545487042203,-1.9280850857313714,0.0568308026488547,0.0568308026488547,Mydgf
ENSMUSG00000019471,chol1,-0.012496921500589791,0.00648627939205845,-1.9266702442528978,0.05700940715629657,0.05700940715629657,Cdc37
ENSMUSG00000041891,chol1,-0.07244768914509087,0.037653066244902875,-1.9240847126201353,0.05733702091874766,0.05733702091874766,Lman1
ENSMUSG00000006005,chol1,0.020633453173297966,0.010727571221241667,1.9234039791263897,0.057423540962217426,0.057423540962217426,Tpr
ENSMUSG00000021476,chol1,-0.02738420084207989,0.01424286151921515,-1.9226614543106846,0.05751804029984478,0.05751804029984478,Habp4
ENSMUSG00000033149,chol1,0.018173516243187155,0.009501927664453671,1.912613617463491,0.058809771186800405,0.058809771186800405,Phldb2
ENSMUSG00000028932,chol1,-0.019256257480131888,0.010071005195231363,-1.9120492053017464,0.058883051070820036,0.058883051070820036,Psmc2
ENSMUSG00000005161,chol1,-0.021761479107292012,0.011397447298498327,-1.909329215337473,0.05923727887956833,0.05923727887956833,Prdx2
ENSMUSG00000028518,chol1,-0.03554011468818073,0.0186215591304775,-1.9085466710471628,0.059339522806438325,0.059339522806438325,Prkaa2
ENSMUSG00000028656,chol1,0.01255874945109823,0.006582322396748535,1.9079511294223246,0.059417433405569174,0.059417433405569174,Cap1
ENSMUSG00000055912,chol1,-0.03638967203657625,0.019101275931645068,-1.9050911659932366,0.0597927849408722,0.0597927849408722,Tmem150a
ENSMUSG00000025290,chol1,-0.03356902467690138,0.017624247845389268,-1.904706797781641,0.059843382731754526,0.059843382731754526,Rps24
ENSMUSG00000033880,chol1,-0.1471187805770571,0.07746682826803432,-1.8991197118336618,0.06058294260817623,0.06058294260817623,Lgals3bp
ENSMUSG00000044749,chol1,0.10829025649856631,0.05712660693762001,1.8956185620618948,0.06105029831127619,0.06105029831127619,Abca6
ENSMUSG00000027002,chol1,0.0282329350100309,0.014909937014599554,1.8935650085165145,0.061325828536594844,0.061325828536594844,Nckap1
ENSMUSG00000016256,chol1,-0.07245487717515779,0.038273105588289814,-1.8931015934418023,0.06138815050737648,0.06138815050737648,Ctsz
ENSMUSG00000004980,chol1,-0.06002554571598311,0.031742844314343856,-1.8909945536562696,0.061672186066081346,0.061672186066081346,Hnrnpa2b1
ENSMUSG00000024866,chol1,0.08183773607081046,0.043303144829068135,1.8898797395397293,0.061822912994886264,0.061822912994886264,Acy3
ENSMUSG00000049091,chol1,-0.18010598737741185,0.09531463000191673,-1.889594361052338,0.06186154695703817,0.06186154695703817,Sephs2
ENSMUSG00000050017,chol1,-0.01379466024056966,0.007327209315639651,-1.8826622314617762,0.06280625745646916,0.06280625745646916,Pitpnb
ENSMUSG00000028851,chol1,-0.01315572201031504,0.007009379028113537,-1.876874107898784,0.06360431805918072,0.06360431805918072,Nudc
ENSMUSG00000024294,chol1,0.02283322538982788,0.012166017267306104,1.8768036316361234,0.06361408745455,0.06361408745455,Mib1
ENSMUSG00000029198,chol1,-0.02414861185972218,0.012869469602853118,-1.8764263489435893,0.06366640766854155,0.06366640766854155,Grpel1
ENSMUSG00000093930,chol1,0.5378556006922619,0.2868191646396656,1.8752428951809283,0.06383075913503389,0.06383075913503389,Hmgcs1
ENSMUSG00000004937,chol1,-0.01102997348051076,0.005884788325270473,-1.8743194947464499,0.06395924293430118,0.06395924293430118,Sgta
ENSMUSG00000037822,chol1,-0.01579106392230133,0.008436449286742349,-1.8717665910843035,0.06431558858810531,0.06431558858810531,Smim14
ENSMUSG00000042118,chol1,0.08925314148319714,0.047721006191585785,1.8703113912743596,0.06451945579714172,0.06451945579714172,Bhmt2
ENSMUSG00000032359,chol1,-0.05014223271712827,0.02686037736578299,-1.8667732040505012,0.06501740156623272,0.06501740156623272,Ctsh
ENSMUSG00000002393,chol1,-0.045468637733444686,0.02435895496463655,-1.8666087194403214,0.06504062838003276,0.06504062838003276,Nr2f6
ENSMUSG00000020440,chol1,-0.020065733634117122,0.01075383724333639,-1.8659138296472586,0.06513883026889287,0.06513883026889287,Arf5
ENSMUSG00000084319,chol1,-0.12646566746454732,0.0678049590495376,-1.8651389107418062,0.06524848836257777,0.06524848836257777,NA
ENSMUSG00000024986,chol1,-0.03391702081952107,0.018190946117478058,-1.8645000980423567,0.06533900244244739,0.06533900244244739,Hhex
ENSMUSG00000063457,chol1,-0.03883021835527502,0.020830858356279246,-1.8640719307454774,0.06539972879831198,0.06539972879831198,Rps15
ENSMUSG00000069668,chol1,1.1832798816955246,0.6349092732692894,1.8636991638231282,0.06545263628710517,0.06545263628710517,Sult3a1
ENSMUSG00000079477,chol1,-0.028658616121783005,0.015383116293721084,-1.8629915795072403,0.06555316363143003,0.06555316363143003,Rab7
ENSMUSG00000050730,chol1,-0.021210175734667356,0.011387374289452131,-1.8626046001064411,0.06560819693074066,0.06560819693074066,Arhgap42
ENSMUSG00000031767,chol1,-0.26669904293057584,0.14319118330598113,-1.8625381589359054,0.06561764958491653,0.06561764958491653,Nudt7
ENSMUSG00000046756,chol1,-0.011681390852498256,0.006280482467322926,-1.859951192169713,0.06598658772386934,0.06598658772386934,Mrps7
ENSMUSG00000007815,chol1,-0.01978370476403683,0.010638213094952836,-1.8596830677722516,0.06602492518920221,0.06602492518920221,Rhoa
ENSMUSG00000008035,chol1,-0.03890633204466984,0.020926678249957496,-1.8591738057973373,0.06609779277836195,0.06609779277836195,Mid1ip1
ENSMUSG00000033735,chol1,-0.025415215126441112,0.013674476447533617,-1.858587802169574,0.06618172420349003,0.06618172420349003,Spr
ENSMUSG00000057074,chol1,0.2992301508511204,0.16120534548216534,1.8562048916934037,0.06652394021989934,0.06652394021989934,Ces1g
ENSMUSG00000038539,chol1,-0.17570391627418397,0.09476322948149045,-1.854136010724531,0.06682225716696837,0.06682225716696837,Atf5
ENSMUSG00000032479,chol1,-0.013960109091535286,0.007535601410403156,-1.8525540738212185,0.06705111463133603,0.06705111463133603,Map4
ENSMUSG00000005510,chol1,-0.02205735941657122,0.011919214600948394,-1.8505715481300378,0.06733884997590471,0.06733884997590471,Ndufs3
ENSMUSG00000016319,chol1,-0.07893019351477941,0.042675234000837226,-1.8495550255970692,0.06748678359659432,0.06748678359659432,Slc25a5
ENSMUSG00000074884,chol1,-0.03953433714192229,0.021380931948554546,-1.8490464885743674,0.06756089241614595,0.06756089241614595,Serf2
ENSMUSG00000025497,chol1,-0.02384994145047826,0.012934407516222044,-1.8439144909085472,0.06831258918672772,0.06831258918672772,Cdhr5
ENSMUSG00000030435,chol1,-0.008675601897693317,0.0047078841992685885,-1.8427814981178061,0.06847947940423242,0.06847947940423242,U2af2
ENSMUSG00000049354,chol1,0.02340052212397,0.012706728860169988,1.8415850673669725,0.06865608348464342,0.06865608348464342,Dcaf7
ENSMUSG00000033781,chol1,-0.017164125803979642,0.009323479499067056,-1.8409571025170541,0.0687489288744438,0.0687489288744438,Asb13
ENSMUSG00000005417,chol1,-0.02811140854650812,0.015270933973090803,-1.8408440895654292,0.06876564910451886,0.06876564910451886,Mprip
ENSMUSG00000026678,chol1,-0.029273262844301314,0.015917824052352297,-1.8390241497848059,0.0690353764219539,0.0690353764219539,Rgs5
ENSMUSG00000071054,chol1,-0.014519152409571124,0.007897995437722946,-1.838333856236958,0.06913791325829184,0.06913791325829184,Safb
ENSMUSG00000039234,chol1,0.04098761040459437,0.022351077878025136,1.8338091177648341,0.06981317300356929,0.06981317300356929,Sec24d
ENSMUSG00000072825,chol1,-0.030578653317949733,0.016681905680732825,-1.8330431728353014,0.06992802307065994,0.06992802307065994,Cep170b
ENSMUSG00000018659,chol1,-0.03878141362654014,0.021177762114671886,-1.8312328477649913,0.07020009961715458,0.07020009961715458,Pnpo
ENSMUSG00000030123,chol1,-0.013635104657270037,0.007448487168846433,-1.83058711764979,0.07029736065035105,0.07029736065035105,Plxnd1
ENSMUSG00000086784,chol1,-0.04386092202581343,0.023993057036756964,-1.8280672595667666,0.07067798111437834,0.07067798111437834,Isoc2a
ENSMUSG00000033688,chol1,-0.20602704182846712,0.1127202794012951,-1.8277726325978214,0.07072259594344438,0.07072259594344438,Inhca
ENSMUSG00000057863,chol1,-0.03008012562316495,0.016458612405360434,-1.8276222127551958,0.07074538279372478,0.07074538279372478,Rpl36
ENSMUSG00000027466,chol1,-0.011816649159211642,0.006465699913934908,-1.8275901010723283,0.07075024813099424,0.07075024813099424,Rbck1
ENSMUSG00000026295,chol1,0.05160931768281658,0.028264906881915124,1.8259150082619953,0.07100443325433335,0.07100443325433335,Spp2
ENSMUSG00000034108,chol1,-0.03538815022257427,0.019409478117893286,-1.8232406872367426,0.07141182134994871,0.07141182134994871,Ccs
ENSMUSG00000035948,chol1,-0.0357228423209719,0.019603927656912004,-1.822228838330601,0.07156646618298418,0.07156646618298418,Acss3
ENSMUSG00000018770,chol1,-0.06467709865594402,0.035588147676589126,-1.8173774944316763,0.07231179321680369,0.07231179321680369,Atp5g3
ENSMUSG00000030122,chol1,-0.09955319034621711,0.054829342785661823,-1.8156918410528682,0.07257227213884562,0.07257227213884562,Ptms
ENSMUSG00000031349,chol1,0.06488826288735239,0.035758939434852956,1.8146025556929164,0.07274101076561298,0.07274101076561298,Nsdhl
ENSMUSG00000035242,chol1,-0.06298981849648266,0.03478478548438067,-1.810843954313498,0.07332575328687276,0.07332575328687276,Oaz1
ENSMUSG00000037622,chol1,-0.045352126208660144,0.025118669810331166,-1.8055146451269115,0.07416154845773637,0.07416154845773637,Wdtc1
ENSMUSG00000022354,chol1,-0.03837177465322322,0.021262888945224042,-1.804635990531385,0.07430010445270598,0.07430010445270598,Ndufb9
ENSMUSG00000078686,chol1,20.34043153442797,11.28224035054535,1.802871672862808,0.07457897061197762,0.07457897061197762,Mup9
ENSMUSG00000048154,chol1,-0.027505155801999293,0.015263689453088945,-1.8019991750050324,0.07471719735148231,0.07471719735148231,Kmt2d
ENSMUSG00000020225,chol1,-0.010346554791159018,0.0057436668701312124,-1.8013849035995106,0.07481464165648943,0.07481464165648943,Tmbim4
ENSMUSG00000003546,chol1,-0.018107888256515776,0.010083541427031101,-1.7957865683948784,0.07570759624801401,0.07570759624801401,Klc4
ENSMUSG00000000673,chol1,0.15595058196502534,0.08687065877749392,1.7952043205343846,0.07580097202346693,0.07580097202346693,Haao
ENSMUSG00000034158,chol1,-0.0283873373313472,0.01581401651321725,-1.7950744712844615,0.07582180911402576,0.07582180911402576,Lrrc58
ENSMUSG00000020068,chol1,-0.08720493322771457,0.048612394691907757,-1.793882687335111,0.07601327819924147,0.07601327819924147,NA
ENSMUSG00000021963,chol1,-0.009705818660076969,0.0054118641249717575,-1.7934335445141316,0.07608554026484236,0.07608554026484236,Sap18
ENSMUSG00000025403,chol1,-0.06364480657132277,0.03550557920711481,-1.7925297373706626,0.07623112527929359,0.07623112527929359,Shmt2
ENSMUSG00000023070,chol1,0.45449159142766116,0.25357162426655594,1.7923598223667843,0.0762585209011605,0.0762585209011605,Rgn
ENSMUSG00000031626,chol1,0.038395910574215805,0.021457016548169183,1.78943379607413,0.07673156908556417,0.07673156908556417,Sorbs2
ENSMUSG00000002763,chol1,-0.032069898614614976,0.01792902946403207,-1.7887135875899642,0.07684837653036408,0.07684837653036408,Pex6
ENSMUSG00000020017,chol1,-0.27568157799571197,0.15442912838668027,-1.7851656670976193,0.07742594929726945,0.07742594929726945,Hal
ENSMUSG00000020130,chol1,0.018428350754686105,0.0103380584750532,1.7825736620812904,0.07785017387279641,0.07785017387279641,Tbc1d15
ENSMUSG00000061983,chol1,-0.04369895359950403,0.024548675507167498,-1.780094147512977,0.07825778516163345,0.07825778516163345,Rps12
ENSMUSG00000035349,chol1,0.02968598750656529,0.016677808325484107,1.7799693417272557,0.07827834874367444,0.07827834874367444,NA
ENSMUSG00000078597,chol1,0.19331312938583278,0.10862506454797641,1.779636497251076,0.0783332115961511,0.0783332115961511,Cyp4a12b
ENSMUSG00000038717,chol1,-0.01886237624955873,0.010623255141160933,-1.7755740588846864,0.07900539015779463,0.07900539015779463,Atp5l
ENSMUSG00000037916,chol1,-0.030864507796557625,0.017421337974269827,-1.7716496770880903,0.07965924448614617,0.07965924448614617,Ndufv1
ENSMUSG00000024132,chol1,-0.05309424049216037,0.030065078388468013,-1.7659771182411284,0.08061226032864176,0.08061226032864176,Eci1
ENSMUSG00000026464,chol1,-0.01770240617008636,0.010041062125873839,-1.7630013586382207,0.08111595117038069,0.08111595117038069,NA
ENSMUSG00000045973,chol1,-0.045229242946074166,0.025708817672587557,-1.7592891093665726,0.08174793888477891,0.08174793888477891,Slc25a51
ENSMUSG00000039105,chol1,-0.012337317613934773,0.007021077560429989,-1.7571829263739402,0.08210830424250555,0.08210830424250555,Atp6v1g1
ENSMUSG00000042102,chol1,0.2502885985569264,0.14268849531798128,1.7540909517558394,0.08263970726316351,0.08263970726316351,Dmgdh
ENSMUSG00000002014,chol1,-0.015177338795085296,0.008663440696402451,-1.7518834983643141,0.08302082177737001,0.08302082177737001,Ssr4
ENSMUSG00000015247,chol1,-0.012926077138994841,0.0073791645046243125,-1.75169927854223,0.0830526924334976,0.0830526924334976,Nipsnap3b
ENSMUSG00000045128,chol1,-0.07894192795825763,0.045079212749192625,-1.7511824884224825,0.08314215263428326,0.08314215263428326,Rpl18a
ENSMUSG00000034566,chol1,-0.026149477445518793,0.014943799331833499,-1.749854696577382,0.08337236693112669,0.08337236693112669,Atp5h
ENSMUSG00000061665,chol1,0.027884217072351693,0.01594555882243606,1.7487136940674322,0.08357061422009196,0.08357061422009196,Cd2ap
ENSMUSG00000026664,chol1,-0.5874331059229732,0.3365527503655743,-1.7454414063913744,0.08414132054564087,0.08414132054564087,Phyh
ENSMUSG00000022892,chol1,-0.029143197105242782,0.0167225153668556,-1.7427520002765406,0.08461276449448034,0.08461276449448034,App
ENSMUSG00000036275,chol1,-0.03717723164085032,0.021335580190216297,-1.7424992106799335,0.08465718906751706,0.08465718906751706,9530068E07Rik
ENSMUSG00000021279,chol1,-0.020647894154519047,0.011854183409951561,-1.7418234087035624,0.08477604683788097,0.08477604683788097,Cdc42bpb
ENSMUSG00000051510,chol1,-0.040800551312628594,0.02343261588826368,-1.74118636635288,0.08488821321304002,0.08488821321304002,Mafg
ENSMUSG00000050708,chol1,-0.6943382296518887,0.39895260138227207,-1.7404028128809752,0.08502634352825357,0.08502634352825357,Ftl1
ENSMUSG00000028383,chol1,-0.043742007904185434,0.025158529313157808,-1.7386552035578862,0.08533508962030052,0.08533508962030052,Hsdl2
ENSMUSG00000043091,chol1,-0.09651280422073166,0.05560917196756847,-1.7355554993161628,0.08588497172733417,0.08588497172733417,Tuba1c
ENSMUSG00000017754,chol1,0.02711936921500589,0.015635314422621883,1.7344946498657139,0.08607383130244174,0.08607383130244174,Pltp
ENSMUSG00000051695,chol1,-0.031148039710352078,0.017959927044913025,-1.7343076969332376,0.08610714922327738,0.08610714922327738,Pcbp1
ENSMUSG00000018677,chol1,-0.05914270309365344,0.03410210775731551,-1.7342829221741074,0.08611156526486521,0.08611156526486521,Slc25a39
ENSMUSG00000047675,chol1,-0.057682190570082906,0.03326282831342185,-1.7341336709725197,0.08613817286740466,0.08613817286740466,Rps8
ENSMUSG00000049090,chol1,-0.029294637466527718,0.016933939918772876,-1.7299363058476331,0.08688922079813838,0.08688922079813838,Zadh2
ENSMUSG00000037523,chol1,-0.029129984501597185,0.016863950827501424,-1.7273523149802201,0.08735424724886723,0.08735424724886723,Mavs
ENSMUSG00000087679,chol1,-0.0198476192731249,0.011490861315782419,-1.727252529439606,0.08737224592950608,0.08737224592950608,Tmem250-ps
ENSMUSG00000053646,chol1,-0.05782011300918708,0.03347779066555258,-1.727118542164787,0.0873964184822392,0.0873964184822392,Plxnb1
ENSMUSG00000025854,chol1,-0.017985626781240042,0.010424251556498874,-1.7253638483068956,0.08771348783567255,0.08771348783567255,Fam20c
ENSMUSG00000055681,chol1,-0.017442116134698357,0.010121468062748003,-1.723279273971525,0.08809139025133855,0.08809139025133855,Cope
ENSMUSG00000003814,chol1,-0.26472339100748205,0.1537851599651545,-1.7213845020381977,0.08843604033611867,0.08843604033611867,Calr
ENSMUSG00000048271,chol1,-0.027774214317080062,0.016157459729671135,-1.718971594654587,0.088876534319658,0.088876534319658,Rbm33
ENSMUSG00000037287,chol1,-0.05098678162750448,0.029675700480906637,-1.718132370971644,0.08903016106660339,0.08903016106660339,Tbcel
ENSMUSG00000025508,chol1,-0.020104640178748252,0.01170932109058604,-1.7169774424336017,0.08924193542457053,0.08924193542457053,Rplp2
ENSMUSG00000028179,chol1,-0.36257293268527013,0.21149138027997658,-1.7143626950908766,0.08972291366335304,0.08972291366335304,Cth
ENSMUSG00000029729,chol1,0.02468388002514183,0.014409795855695445,1.7129930411460739,0.0899757040359551,0.0899757040359551,Zkscan1
ENSMUSG00000020936,chol1,-0.00966728937240079,0.005645081340550463,-1.7125155138080106,0.09006397573191548,0.09006397573191548,Nmt1
ENSMUSG00000018286,chol1,-0.014354082150145086,0.008396786239194582,-1.7094733319687232,0.09062799156353786,0.09062799156353786,Psmb6
ENSMUSG00000022462,chol1,-0.08870265052823721,0.051899700312021214,-1.7091168156069594,0.09069427768230155,0.09069427768230155,Slc38a2
ENSMUSG00000004789,chol1,-0.04509066165264634,0.026387008567409685,-1.7088205181521536,0.0907493976014467,0.0907493976014467,Dlst
ENSMUSG00000026473,chol1,0.3564338270722656,0.20892791369138214,1.7060134319762166,0.0912729561441613,0.0912729561441613,Glul
ENSMUSG00000000049,chol1,-0.46347585047485385,0.2717883817316102,-1.7052820562894193,0.0914097716776854,0.0914097716776854,Apoh
ENSMUSG00000026621,chol1,-0.13408271389948415,0.0788625484806419,-1.700207721950514,0.09236362478820162,0.09236362478820162,Mtarc1
ENSMUSG00000004207,chol1,-0.09427280671769643,0.05547588204514131,-1.6993475947076542,0.09252611013127707,0.09252611013127707,Psap
ENSMUSG00000051853,chol1,0.01180488643114837,0.00697193625661788,1.6932005681983926,0.09369413419301237,0.09369413419301237,Arf3
ENSMUSG00000053898,chol1,-0.12684291563702735,0.07500103077754465,-1.6912156315990818,0.09407385708748436,0.09407385708748436,Ech1
ENSMUSG00000028307,chol1,-1.7704471610370156,1.0472002289350337,-1.6906481798972666,0.09418264199221484,0.09418264199221484,Aldob
ENSMUSG00000015733,chol1,0.012447331433343969,0.0073635019062685296,1.6904092090677112,0.09422848520646857,0.09422848520646857,Capza2
ENSMUSG00000040713,chol1,-0.22478283556194617,0.13302289246111393,-1.6898056522688836,0.09434435005668766,0.09434435005668766,Creg1
ENSMUSG00000030835,chol1,-0.012690204492814765,0.007511529390354107,-1.6894301856970468,0.09441648692217407,0.09441648692217407,Nomo1
ENSMUSG00000028356,chol1,-0.6988346183518305,0.41449282246191194,-1.6859993237061346,0.09507772666738393,0.09507772666738393,Ambp
ENSMUSG00000070780,chol1,-0.024507844215221137,0.01454775715756424,-1.684647602361032,0.09533928046031853,0.09533928046031853,Rbm47
ENSMUSG00000024158,chol1,-0.06020748129428884,0.03574893939561346,-1.6841753157487112,0.09543080429974116,0.09543080429974116,Hagh
ENSMUSG00000053460,chol1,-0.021153029162827942,0.012567046413814875,-1.6832140557366408,0.0956173064686312,0.0956173064686312,Ggcx
ENSMUSG00000001666,chol1,-0.05733106103787637,0.034069518891199746,-1.6827669689425861,0.09570415050043359,0.09570415050043359,Ddt
ENSMUSG00000008140,chol1,-0.018863221386073808,0.011215185692924078,-1.6819357166752087,0.09586578696392967,0.09586578696392967,Emc10
ENSMUSG00000028249,chol1,0.012233689093429536,0.007275440117165672,1.6815050218838818,0.09594962255042133,0.09594962255042133,Sdcbp
ENSMUSG00000005299,chol1,-0.022511773447791903,0.013404075717762283,-1.679472268122198,0.0963461070169635,0.0963461070169635,Letm1
ENSMUSG00000021840,chol1,-0.0222077593614658,0.013235996809672449,-1.6778305163413962,0.09666729852128184,0.09666729852128184,Mapk1ip1l
ENSMUSG00000024038,chol1,-0.014473595069785869,0.008630911384582595,-1.6769486355334462,0.09684018812062613,0.09684018812062613,Ndufv3
ENSMUSG00000050390,chol1,-0.03542671291791873,0.021162427290061566,-1.674038258104544,0.09741254050719474,0.09741254050719474,C77080
ENSMUSG00000031311,chol1,0.01430275514245615,0.008562015861506012,1.6704892134993514,0.09811420641375974,0.09811420641375974,Nono
ENSMUSG00000036636,chol1,-0.016694687707183513,0.009996276029572902,-1.6700907075589033,0.09819324873176084,0.09819324873176084,Clcn7
ENSMUSG00000026944,chol1,-0.04008826043343864,0.02402388014131003,-1.6686838344862227,0.09847271056494611,0.09847271056494611,Abca2
ENSMUSG00000001687,chol1,-0.011217422960022726,0.0067366462777793705,-1.6651346229982513,0.09918059494957794,0.09918059494957794,Ubl3
ENSMUSG00000025533,chol1,-0.2146602153416967,0.12893181834646159,-1.6649126499160076,0.09922500383356088,0.09922500383356088,Asl
ENSMUSG00000036199,chol1,-0.01753654174666999,0.010564612529924716,-1.6599323162110287,0.10022563548081469,0.10022563548081469,Ndufa13
ENSMUSG00000028607,chol1,-0.057171349867833024,0.03444246879165462,-1.6599085917350265,0.10023042160771937,0.10023042160771937,Cpt2
ENSMUSG00000052146,chol1,-0.024081496241637336,0.01451199049077992,-1.659420618896996,0.100328905306598,0.100328905306598,Rps10
ENSMUSG00000016664,chol1,0.013865815947856505,0.008356032367329973,1.6593779605340482,0.10033751842999399,0.10033751842999399,Pacsin2
ENSMUSG00000003623,chol1,-0.34466030183139473,0.20778971296964144,-1.6586976174405246,0.10047496702384036,0.10047496702384036,Crot
ENSMUSG00000033184,chol1,0.024384337228024588,0.014717851591508001,1.65678645938338,0.10086189092137676,0.10086189092137676,Tmed7
ENSMUSG00000053929,chol1,-0.013544167994076152,0.008192584269872056,-1.6532229084154018,0.10158657080131847,0.10158657080131847,Cyhr1
ENSMUSG00000006567,chol1,0.022720239493374417,0.013747741484725289,1.6526525115865909,0.10170295614948198,0.10170295614948198,Atp7b
ENSMUSG00000007833,chol1,-0.014829172342239159,0.008975979188301517,-1.6520952233897965,0.10181677090640281,0.10181677090640281,Aldh16a1
ENSMUSG00000060224,chol1,-0.02004410656012948,0.012139772690170322,-1.651110533260591,0.10201812557068599,0.10201812557068599,Pyroxd2
ENSMUSG00000020114,chol1,-0.012612129652749661,0.007639609776174692,-1.6508866319432367,0.10206395499943664,0.10206395499943664,Cand1
ENSMUSG00000036752,chol1,-0.054101545362963945,0.03281638790680416,-1.6486136596327383,0.10253014304122758,0.10253014304122758,Tubb4b
ENSMUSG00000029369,chol1,-0.1509574490059497,0.09167341187717805,-1.6466873645785003,0.10292657320941359,0.10292657320941359,Afm
ENSMUSG00000022336,chol1,0.014147994894137296,0.008596853635723632,1.6457177816016642,0.10312658070643604,0.10312658070643604,Eif3e
ENSMUSG00000025823,chol1,-0.09249640790074129,0.056265993060170584,-1.6439131857466032,0.10349967212280083,0.10349967212280083,Pdia4
ENSMUSG00000029478,chol1,-0.019902530716973316,0.012107802922605389,-1.6437772273130653,0.10352782496007235,0.10352782496007235,Ncor2
ENSMUSG00000026568,chol1,-0.03852264114309326,0.023464514994809976,-1.64174035353443,0.10395033994485382,0.10395033994485382,Mpc2
ENSMUSG00000027708,chol1,0.012475399471332254,0.007602112363736913,1.641043814458935,0.10409514412778681,0.10409514412778681,Dcun1d1
ENSMUSG00000034450,chol1,0.1896084606211415,0.11564348605467126,1.6395948193009573,0.10439689868047501,0.10439689868047501,Gulo
ENSMUSG00000020258,chol1,-0.08946833163998927,0.05457680366745351,-1.6393105793651135,0.10445617462176994,0.10445617462176994,Glyctk
ENSMUSG00000002320,chol1,-0.00901619298955579,0.00550000591832872,-1.6393060522915819,0.10445711892598981,0.10445711892598981,Tm9sf1
ENSMUSG00000015890,chol1,-0.08486730642064384,0.05177151468321546,-1.6392664371505856,0.10446538255914956,0.10446538255914956,Amdhd1
ENSMUSG00000025228,chol1,-0.010769532594002113,0.006576982585436388,-1.6374579762229287,0.10484318553179367,0.10484318553179367,Actr1a
ENSMUSG00000004264,chol1,-0.03233557645448205,0.019752627431939472,-1.6370265963806052,0.10493346705168974,0.10493346705168974,Phb2
ENSMUSG00000003429,chol1,-0.03362758418646298,0.0205453445303398,-1.6367495875673599,0.10499147400929204,0.10499147400929204,Rps11
ENSMUSG00000026655,chol1,0.06920068933451576,0.04228529056641504,1.636519186874837,0.10503974069997499,0.10503974069997499,Fam107b
ENSMUSG00000016559,chol1,0.04247444154088563,0.025960071383910738,1.6361450210499033,0.10511816289794448,0.10511816289794448,H3f3b
ENSMUSG00000048277,chol1,-0.013190745257919237,0.00809335821915333,-1.629823480036098,0.10645025750134653,0.10645025750134653,Syngr2
ENSMUSG00000005103,chol1,0.015885736131082046,0.009760346690017145,1.6275790845964448,0.10692646077152754,0.10692646077152754,Wdr1
ENSMUSG00000059316,chol1,-0.009695393917737929,0.005957435426680039,-1.6274442311733088,0.10695512773942857,0.10695512773942857,Slc27a4
ENSMUSG00000022241,chol1,0.05926234482224196,0.03643063548354399,1.6267172953656335,0.10710976539139336,0.10710976539139336,Tars
ENSMUSG00000072946,chol1,-0.02126005235016057,0.013073185137912897,-1.6262335556241259,0.10721276875449885,0.10721276875449885,Ptgr2
ENSMUSG00000022517,chol1,-0.014336994472236322,0.008824386738876536,-1.6247015114459518,0.10753951509286132,0.10753951509286132,Mgrn1
ENSMUSG00000061518,chol1,-0.0356684935982986,0.022003612586082837,-1.6210289768898551,0.10832603629121072,0.10832603629121072,Cox5b
ENSMUSG00000066036,chol1,-0.05726943439439982,0.03534189495872094,-1.6204403997377637,0.10845251666246383,0.10845251666246383,Ubr4
ENSMUSG00000025156,chol1,-0.010550549246174898,0.006516455174211257,-1.619062659700091,0.1087490457847636,0.1087490457847636,Gps1
ENSMUSG00000027502,chol1,0.019544396638568634,0.01208339005815415,1.617459714906714,0.10909486502533314,0.10909486502533314,Rtf2
ENSMUSG00000024150,chol1,-0.07183158910290074,0.04442539800174707,-1.6169036707352828,0.10921503214992581,0.10921503214992581,Mcfd2
ENSMUSG00000004655,chol1,-0.035237170336057014,0.021820111544486192,-1.6148941431493842,0.109650199354898,0.109650199354898,Aqp1
ENSMUSG00000031604,chol1,0.14950125717877408,0.09268100845917791,1.6130732678057025,0.11004571484496081,0.11004571484496081,Msmo1
ENSMUSG00000003068,chol1,-0.016514886646403933,0.010239107615805923,-1.6129224602454812,0.11007852329863958,0.11007852329863958,Stk11
ENSMUSG00000027523,chol1,-0.05157178830042786,0.03200802823979352,-1.611214158962531,0.11045071570180681,0.11045071570180681,Gnas
ENSMUSG00000034248,chol1,-0.0163502401391412,0.010147786345100397,-1.6112124933567904,0.11045107908412743,0.11045107908412743,Slc25a37
ENSMUSG00000028343,chol1,-0.010636963905941925,0.006604087643229682,-1.6106636496332132,0.11057087161426192,0.11057087161426192,Erp44
ENSMUSG00000023973,chol1,-0.012447143472158842,0.007738687689503215,-1.6084307794255859,0.11105930059677215,0.11105930059677215,Cnpy3
ENSMUSG00000050732,chol1,-0.013599795851594168,0.008463701311028655,-1.6068378776402361,0.11140879601164642,0.11140879601164642,Vamp8
ENSMUSG00000025810,chol1,0.08317624482310303,0.05179363706461672,1.6059162773090059,0.11161140480074183,0.11161140480074183,Nrp1
ENSMUSG00000009079,chol1,-0.013174936930110815,0.008209246803764454,-1.6048898571388157,0.11183740517272497,0.11183740517272497,Ewsr1
ENSMUSG00000071074,chol1,-0.013079062561885972,0.008156554529864286,-1.6035033559818046,0.1121432713891308,0.1121432713891308,Yipf3
ENSMUSG00000003226,chol1,0.038107861607873196,0.02376584479341293,1.6034717864704466,0.11215024351137397,0.11215024351137397,Ranbp2
ENSMUSG00000021703,chol1,0.011130440843457521,0.0069418671620053935,1.6033785412053485,0.11217083874299112,0.11217083874299112,Serinc5
ENSMUSG00000016541,chol1,-0.011319893835940783,0.007060211469241115,-1.603336371050304,0.11218015392787084,0.11218015392787084,Atxn10
ENSMUSG00000067274,chol1,-0.06856020711893306,0.042784153066261696,-1.6024673203826392,0.11237226106735698,0.11237226106735698,Rplp0
ENSMUSG00000033308,chol1,0.2184381738576385,0.13638007170050595,1.6016868970221265,0.11254500126725388,0.11254500126725388,Dpyd
ENSMUSG00000024981,chol1,0.17357783220395903,0.10845064073080438,1.6005238054315698,0.11280283644418646,0.11280283644418646,Acsl5
ENSMUSG00000057465,chol1,-1.5240206830921033,0.9523574463379101,-1.6002612138461285,0.11286111337228066,0.11286111337228066,Saa2
ENSMUSG00000040725,chol1,-0.011117810549246168,0.006952315048315115,-1.599152292723063,0.11310748202067984,0.11310748202067984,Hnrnpul1
ENSMUSG00000026219,chol1,0.03269645745257921,0.02045330266545304,1.5985906035510664,0.1132324364682721,0.1132324364682721,Trip12
ENSMUSG00000044197,chol1,0.03948096197725185,0.024732297838019675,1.5963321417130851,0.11373597378713327,0.11373597378713327,Gpr146
ENSMUSG00000030120,chol1,-0.017443429409080318,0.010949219054182087,-1.593120872160992,0.11445502773846855,0.11445502773846855,Mlf2
ENSMUSG00000063904,chol1,0.028452169690290224,0.017898423438269494,1.5896466964489873,0.11523703855238875,0.11523703855238875,Dpp3
ENSMUSG00000022136,chol1,-0.10727304612496878,0.0675324062657339,-1.588467701015407,0.11550338960443625,0.11550338960443625,Dnajc3
ENSMUSG00000027559,chol1,1.5543120080333381,0.9786463725642609,1.5882264029250026,0.11555796268395967,0.11555796268395967,Car3
ENSMUSG00000018567,chol1,-0.024695730405283223,0.01555103447067325,-1.5880442199427567,0.11559917966264781,0.11559917966264781,Gabarap
ENSMUSG00000048756,chol1,-0.024704058515080802,0.015567718660235838,-1.5868772460657095,0.11586347374068372,0.11586347374068372,Foxo3
ENSMUSG00000029598,chol1,-0.022967441945566144,0.014486189096595197,-1.5854716373241575,0.11618245370698492,0.11618245370698492,Plbd2
ENSMUSG00000017057,chol1,0.02018665880266228,0.012746579790136442,1.5836921852780557,0.11658727630928727,0.11658727630928727,Il13ra1
ENSMUSG00000020368,chol1,-0.07823018434489105,0.04946082966953665,-1.581659362925602,0.11705111675038386,0.11705111675038386,Canx
ENSMUSG00000022419,chol1,-0.07609483537252128,0.048246773480330074,-1.5772005024034341,0.11807367473411687,0.11807367473411687,Deptor
ENSMUSG00000064215,chol1,0.0500540496034992,0.03178900618937558,1.5745710735753704,0.11868001494770172,0.11868001494770172,Ifi27
ENSMUSG00000022500,chol1,0.045025820769581795,0.028598142553079197,1.574431650097982,0.1187122347870616,0.1187122347870616,Litaf
ENSMUSG00000063511,chol1,-0.01036150610034354,0.006582032528744228,-1.5742107100039493,0.11876330684141298,0.11876330684141298,Snrnp70
ENSMUSG00000038388,chol1,-0.013824739024117226,0.00882254551976928,-1.566978486326785,0.12044477439532568,0.12044477439532568,Pals2
ENSMUSG00000026576,chol1,-0.022692572175200824,0.014509397307101093,-1.5639913702063128,0.1211447697483126,0.1211447697483126,Atp1b1
ENSMUSG00000001911,chol1,-0.03050711940658335,0.019519768412038882,-1.5628832659596505,0.12140526152947828,0.12140526152947828,Nfix
ENSMUSG00000021037,chol1,-0.02579796648039881,0.016530969545512964,-1.5605839941433566,0.12194719114104272,0.12194719114104272,Ahsa1
ENSMUSG00000028416,chol1,-0.011826530768634675,0.007580217822161475,-1.5601834994845012,0.12204178236205537,0.12204178236205537,Bag1
ENSMUSG00000024773,chol1,0.01755706408589559,0.01126210715878247,1.5589501891929838,0.12233343895156015,0.12233343895156015,Atg2a
ENSMUSG00000025207,chol1,-0.1411878976847108,0.09058913392888378,-1.5585522408851942,0.12242766484054954,0.12242766484054954,Sema4g
ENSMUSG00000013160,chol1,-0.009598110055880349,0.006160124363165758,-1.5581032930555594,0.12253403550498082,0.12253403550498082,Atp6v0d1
ENSMUSG00000021814,chol1,0.022937508803953822,0.014730332201984627,1.5571616776479378,0.12275737376096728,0.12275737376096728,Anxa7
ENSMUSG00000021666,chol1,-0.014069415064447519,0.009038523800792333,-1.5566054119605426,0.12288946406118095,0.12288946406118095,Gfm2
ENSMUSG00000069237,chol1,-0.020689016798546567,0.013293244136697564,-1.5563557387343923,0.12294878787634145,0.12294878787634145,Fam8a1
ENSMUSG00000031444,chol1,-0.09598955347379474,0.06176399283060688,-1.5541345219868548,0.12347756271731099,0.12347756271731099,F10
ENSMUSG00000001467,chol1,0.13410217937679192,0.08631169204222547,1.5536965642057665,0.12358203391652808,0.12358203391652808,Cyp51
ENSMUSG00000019929,chol1,-0.06278761229884365,0.040454036929120925,-1.5520728477321841,0.12396996978948298,0.12396996978948298,Dcn
ENSMUSG00000060743,chol1,-0.017694745912296254,0.011405189929691644,-1.551464379057005,0.12411559261560202,0.12411559261560202,H3f3a
ENSMUSG00000027774,chol1,-0.026080458752722992,0.016816817884263795,-1.550855752391038,0.12426138885372333,0.12426138885372333,Gfm1
ENSMUSG00000020402,chol1,-0.03535702831041577,0.022840761650293976,-1.5479793910445494,0.12495225716292062,0.12495225716292062,Vdac1
ENSMUSG00000036985,chol1,-0.01987579270025228,0.0128511062276678,-1.5466211505948548,0.12527954635449945,0.12527954635449945,Zdhhc9
ENSMUSG00000021779,chol1,-0.013755309494493762,0.008910812558419886,-1.5436650029739745,0.12599422235073757,0.12599422235073757,Thrb
ENSMUSG00000035941,chol1,0.02189979654041209,0.014204076877084606,1.5417965370029054,0.1264476026696583,0.1264476026696583,Ibtk
ENSMUSG00000016528,chol1,-0.014551960031341208,0.009463563346723394,-1.53768295283611,0.12745030483821224,0.12745030483821224,Mapkapk2
ENSMUSG00000026064,chol1,0.10333153421272415,0.06723475299689155,1.5368768323950182,0.12764753421964758,0.12764753421964758,Ptp4a1
ENSMUSG00000020261,chol1,0.014131200006888167,0.009196414172434768,1.5365989114806151,0.12771558759000345,0.12771558759000345,Slc36a1
ENSMUSG00000075705,chol1,-0.054850540205439974,0.03569906536092397,-1.5364699229767262,0.12774718222120382,0.12774718222120382,Msrb1
ENSMUSG00000026811,chol1,-0.015463509785519317,0.010064859313895894,-1.536386083824327,0.12776772121574517,0.12776772121574517,St6galnac6
ENSMUSG00000064373,chol1,-1.44892625739403,0.9431518458219474,-1.5362597908413202,0.12779866551458902,0.12779866551458902,Selenop
ENSMUSG00000023044,chol1,-0.18136051545104653,0.1182668831410113,-1.5334852042630378,0.1284799895374556,0.1284799895374556,Csad
ENSMUSG00000027875,chol1,-1.1988625468180918,0.7826626743283519,-1.531774270245997,0.12890155178754042,0.12890155178754042,Hmgcs2
ENSMUSG00000005677,chol1,0.23205927368457288,0.15170612501031838,1.5296631804997276,0.12942321331584145,0.12942321331584145,Nr1i3
ENSMUSG00000024695,chol1,-0.024526182786440604,0.016052370204588686,-1.5278854445700247,0.1298637918540336,0.1298637918540336,Zfp91
ENSMUSG00000041720,chol1,0.012508741658845718,0.008211557482498926,1.5233092729978772,0.13100335154659581,0.13100335154659581,Pi4ka
ENSMUSG00000053329,chol1,-0.02373021426541874,0.015583140771797246,-1.5228133155522965,0.131127326730327,0.131127326730327,Gatd3a
ENSMUSG00000005373,chol1,-0.1263898493641349,0.08302351038294016,-1.5223380555841413,0.1312462148300884,0.1312462148300884,Mlxipl
ENSMUSG00000016252,chol1,-0.017740409373089596,0.011666031097453955,-1.5206893608368093,0.13165930033015802,0.13165930033015802,Atp5e
ENSMUSG00000079057,chol1,-0.22764749386521516,0.14975296824807657,-1.5201534669289538,0.131793790404539,0.131793790404539,Cyp4v3
ENSMUSG00000024187,chol1,-0.01420085680336832,0.009343258364810971,-1.5199041114877299,0.13185640650047892,0.13185640650047892,Fam234a
ENSMUSG00000026623,chol1,0.14467157429331579,0.09520327998065851,1.5196070379372144,0.1319310357440775,0.1319310357440775,Lpgat1
ENSMUSG00000058690,chol1,0.014657811926881986,0.009647238141973824,1.519379091836433,0.1319883216962432,0.1319883216962432,Ccser2
ENSMUSG00000031645,chol1,0.04098619785433223,0.027012189272071267,1.5173223259141428,0.1325061006317302,0.1325061006317302,F11
ENSMUSG00000020741,chol1,-0.0593128778811961,0.039123965323904566,-1.5160241910590848,0.13283372030836282,0.13283372030836282,Cluh
ENSMUSG00000028759,chol1,-0.02111538509225854,0.013930395097918175,-1.515777904634889,0.1328959492370413,0.1328959492370413,Hp1bp3
ENSMUSG00000000149,chol1,-0.04373831833719351,0.028858766123128595,-1.5155990436521065,0.13294115622108332,0.13294115622108332,Gna12
ENSMUSG00000034190,chol1,0.017394651458141386,0.011495796727161363,1.5131314402108966,0.13356607630675743,0.13356607630675743,Chmp7
ENSMUSG00000034908,chol1,-0.06299519265375711,0.041674398236110834,-1.5116041339541604,0.13395402167313272,0.13395402167313272,Sidt2
ENSMUSG00000054827,chol1,0.5988507075451391,0.3962311965392316,1.5113668806889258,0.1340143648609765,0.1340143648609765,Cyp2c50
ENSMUSG00000059248,chol1,-0.0333898628391352,0.022097263707584254,-1.511040610321136,0.1340973836097316,0.1340973836097316,Septin9
ENSMUSG00000042286,chol1,-0.0258639031866438,0.017122726427850257,-1.510501455222455,0.13423465893413294,0.13423465893413294,Stab1
ENSMUSG00000038914,chol1,0.022728217726728714,0.015052135359341396,1.509966339269167,0.13437101497440312,0.13437101497440312,Dido1
ENSMUSG00000024070,chol1,-0.11670728980291203,0.07739441280196736,-1.5079549747542673,0.13488451577813473,0.13488451577813473,Prkd3
ENSMUSG00000020205,chol1,-0.04792282802800043,0.03179571230058002,-1.507210392865651,0.13507499759326355,0.13507499759326355,Phlda1
ENSMUSG00000047126,chol1,0.05185682575490144,0.034445272136393236,1.5054845712805964,0.1355173158248519,0.1355173158248519,Cltc
ENSMUSG00000046330,chol1,-0.024719869856467565,0.016421045171625938,-1.5053773738581047,0.1355448273586663,0.1355448273586663,Rpl37a
ENSMUSG00000044712,chol1,0.09729881665389477,0.06465759753506867,1.504831920195029,0.13568488244390967,0.13568488244390967,Slc38a6
ENSMUSG00000020780,chol1,0.01130870566811031,0.007517958606783601,1.5042255829802316,0.1358407037067429,0.1358407037067429,Srp68
ENSMUSG00000028798,chol1,-0.008985618644578579,0.0059757942748899185,-1.5036693418874607,0.13598377430041206,0.13598377430041206,Eif3i
ENSMUSG00000070939,chol1,-0.009810055622045618,0.006530314107127073,-1.5022333476025436,0.1363536723467937,0.1363536723467937,Tgfbrap1
ENSMUSG00000028327,chol1,-0.07456795227352954,0.04965120813366952,-1.501835606351811,0.13645626599203842,0.13645626599203842,Stra6l
ENSMUSG00000090298,chol1,0.4560682233664252,0.30409174391243793,1.499771804057095,0.1369895765658981,0.1369895765658981,Sult3a2
ENSMUSG00000052681,chol1,0.006846971353785487,0.004567784480829099,1.4989698797134783,0.13719724328376678,0.13719724328376678,Rap1b
ENSMUSG00000021273,chol1,0.09506908985629539,0.06345882982576372,1.498122327772552,0.13741699376658698,0.13741699376658698,Fdft1
ENSMUSG00000025731,chol1,-0.02227192451416813,0.014882883226007436,-1.4964791550100014,0.13784381555661093,0.13784381555661093,Mettl26
ENSMUSG00000078923,chol1,-0.009892826607313514,0.00661275384124716,-1.4960222087214023,0.13796269378635706,0.13796269378635706,Ube2v1
ENSMUSG00000022443,chol1,0.11887829659637855,0.07947973968330596,1.495705661217055,0.13804509320499805,0.13804509320499805,Myh9
ENSMUSG00000069744,chol1,-0.009924952385462517,0.006636253091459924,-1.4955656827246029,0.13808154282086618,0.13808154282086618,Psmb3
ENSMUSG00000033047,chol1,-0.015108485719943858,0.01011220626785453,-1.494084012899528,0.1384678234789903,0.1384678234789903,Eif3l
ENSMUSG00000066150,chol1,-0.043356455256972085,0.02903992656150172,-1.492994659099786,0.13875236396536,0.13875236396536,Slc31a1
ENSMUSG00000004056,chol1,-0.019341600296191686,0.012991934569525344,-1.4887390474980144,0.13986832117534626,0.13986832117534626,Akt2
ENSMUSG00000092274,chol1,0.22877406157171032,0.1536854007790837,1.4885868170429761,0.139908370458531,0.139908370458531,Neat1
ENSMUSG00000030560,chol1,0.05370934489112369,0.03608629008363146,1.4883587303280572,0.13996839302873998,0.13996839302873998,Ctsc
ENSMUSG00000072664,chol1,0.08178985590790502,0.05495803612464365,1.4882237735425512,0.14000391730108228,0.14000391730108228,Ugt3a1
ENSMUSG00000056148,chol1,0.05316664442358857,0.03576048698194825,1.4867427406798703,0.14039422830963463,0.14039422830963463,Rdh9
ENSMUSG00000039047,chol1,0.008333372237194443,0.0056114681353062685,1.4850609566438562,0.1408384754988757,0.1408384754988757,Pigk
ENSMUSG00000007458,chol1,0.01602738813166755,0.01080583290844588,1.483216358004248,0.14132699218806022,0.14132699218806022,M6pr
ENSMUSG00000024425,chol1,-0.036537489818410346,0.024672539369975315,-1.4808970114715396,0.14194311552083916,0.14194311552083916,Ndfip1
ENSMUSG00000037686,chol1,-0.07026799071817873,0.04757925788963303,-1.4768618476810946,0.14302002998935204,0.14302002998935204,Aspg
ENSMUSG00000026198,chol1,-0.02021669548221558,0.013689341911887374,-1.4768201139501138,0.14303120117567808,0.14303120117567808,Abcb6
ENSMUSG00000086320,chol1,0.04669223663478011,0.03163887657731264,1.475786806800271,0.14330801134976134,0.14330801134976134,NA
ENSMUSG00000040127,chol1,0.06039743458382485,0.040948671685166214,1.4749546712574808,0.1435312334842278,0.1435312334842278,Sdr9c7
ENSMUSG00000037936,chol1,-0.06073299657313092,0.0411797905456733,-1.4748252909584565,0.1435659643481409,0.1435659643481409,Scarb1
ENSMUSG00000046671,chol1,-0.014849426860454092,0.010068867678789922,-1.4747861759802865,0.14357646566680005,0.14357646566680005,Mtfr1l
ENSMUSG00000024392,chol1,-0.014423600838635777,0.009786693412422245,-1.4737971479036942,0.14384219201154386,0.14384219201154386,Bag6
ENSMUSG00000024085,chol1,0.0818752015653386,0.055586104250138504,1.4729436910508906,0.14407180164763936,0.14407180164763936,Man2a1
ENSMUSG00000038298,chol1,-0.025079109918116755,0.0170298984150221,-1.4726517626197013,0.14415040605362908,0.14415040605362908,Pdzk1
ENSMUSG00000063931,chol1,-0.015268780318750475,0.01038210049057832,-1.470683156323403,0.14468134359816984,0.14468134359816984,Pepd
ENSMUSG00000003199,chol1,-0.016208549952213245,0.011023775357465128,-1.4703265829194414,0.14477767487056567,0.14477767487056567,Mpnd
ENSMUSG00000002985,chol1,-3.4309367511903623,2.338956723631275,-1.4668662812468662,0.14571509877422048,0.14571509877422048,Apoe
ENSMUSG00000021890,chol1,0.014454005605255676,0.009855057377807059,1.4666586962553,0.14577148497580408,0.14577148497580408,Eaf1
ENSMUSG00000058927,chol1,-0.031330230022128196,0.021401201533894423,-1.463947244854853,0.1465095542626977,0.1465095542626977,NA
ENSMUSG00000024507,chol1,-0.11937145538612529,0.08155610162668205,-1.4636728951628986,0.1465843949901898,0.1465843949901898,Hsd17b4
ENSMUSG00000058076,chol1,-0.022776614201703082,0.01556651283595536,-1.4631802537748795,0.1467188587719974,0.1467188587719974,Sdhc
ENSMUSG00000040681,chol1,-0.010372027922955714,0.007092336313140926,-1.4624275365704333,0.1469244938945014,0.1469244938945014,Hmgn1
ENSMUSG00000021610,chol1,-0.017505383843776104,0.011987695279065657,-1.4602793478030838,0.1475125898435489,0.1475125898435489,Clptm1l
ENSMUSG00000032018,chol1,0.20408553611558358,0.14030739260047748,1.454560107867681,0.14908722099087315,0.14908722099087315,Sc5d
ENSMUSG00000026260,chol1,-0.019749702516768396,0.013582512885910647,-1.4540536558043742,0.14922728407470376,0.14922728407470376,Ndufa10
ENSMUSG00000034403,chol1,-0.010863977320670546,0.007473877901284568,-1.4535930964035828,0.14935474375261357,0.14935474375261357,Pja1
ENSMUSG00000071644,chol1,-0.024154876486339894,0.01662094664892187,-1.4532792263012722,0.1494416555557486,0.1494416555557486,Eef1g
ENSMUSG00000049115,chol1,-0.023261829112888602,0.016027314973065428,-1.4513865330519229,0.14996658060745227,0.14996658060745227,Agtr1a
ENSMUSG00000021495,chol1,-0.010785045375879319,0.007439061347194691,-1.449785782442353,0.1504116515463816,0.1504116515463816,Fam193b
ENSMUSG00000029063,chol1,-0.07483136592590042,0.05163409130001804,-1.4492627650033667,0.15055729226543066,0.15055729226543066,Nadk
ENSMUSG00000058446,chol1,-0.01437039899776993,0.00991979279797712,-1.4486591898069074,0.15072550100284648,0.15072550100284648,Znrf2
ENSMUSG00000042625,chol1,-0.011999465778665577,0.00828926832180398,-1.4475904642997675,0.15102369810892288,0.15102369810892288,Safb2
ENSMUSG00000046811,chol1,-0.026284074013483594,0.018157280045380853,-1.447577718016756,0.15102725734632969,0.15102725734632969,Gltpd2
ENSMUSG00000029119,chol1,-0.019599679656624285,0.013550765516045483,-1.446389108675541,0.15135944681893634,0.15135944681893634,Man2b2
ENSMUSG00000018446,chol1,-0.011490154209107907,0.007944259906208947,-1.4463467138238537,0.15137130565799664,0.15137130565799664,C1qbp
ENSMUSG00000021998,chol1,-0.02950780026002876,0.0204113973301965,-1.445653121277253,0.15156542196009457,0.15156542196009457,Lcp1
ENSMUSG00000064120,chol1,-0.03445630130617095,0.023838821696911622,-1.4453860909843061,0.15164020727213912,0.15164020727213912,Mocs1
ENSMUSG00000030088,chol1,0.5365994631955986,0.37137971308184,1.4448809245467578,0.1517817638011746,0.1517817638011746,Aldh1l1
ENSMUSG00000027429,chol1,0.021257459166013692,0.014714889433634496,1.4446224188014993,0.15185424119044755,0.15185424119044755,Sec23b
ENSMUSG00000044788,chol1,0.04742350496379391,0.032839730360785316,1.4440893528292613,0.1520037816902813,0.1520037816902813,Fads6
ENSMUSG00000038375,chol1,0.19032406260493692,0.1317965945133726,1.4440742062240908,0.15200803241683106,0.15200803241683106,Trp53inp2
ENSMUSG00000003360,chol1,-0.0072556722432215994,0.0050248013678094155,-1.443971952743028,0.15203673112623692,0.15203673112623692,Ddx23
ENSMUSG00000038776,chol1,-0.2566868291128888,0.17786364385079642,-1.4431663692227874,0.1522629747212036,0.1522629747212036,Ephx1
ENSMUSG00000025127,chol1,-0.05328480984320782,0.03699004294593266,-1.4405176528476265,0.15300868719624847,0.15300868719624847,Gcgr
ENSMUSG00000051223,chol1,0.0264583799433447,0.018378109368941794,1.4396682168002664,0.15324843186465376,0.15324843186465376,Bzw1
ENSMUSG00000026003,chol1,-0.05406337404534143,0.03757289695867073,-1.4388928834742187,0.15346751505107858,0.15346751505107858,Acadl
ENSMUSG00000042453,chol1,-0.04198476102323898,0.029255064616240577,-1.4351279538768025,0.15453479903364908,0.15453479903364908,Reln
ENSMUSG00000075551,chol1,1.7815408302408253,1.2415432523380552,1.434940608702802,0.15458805696730776,0.15458805696730776,Cyp3a41a
ENSMUSG00000033161,chol1,-0.12256386465589232,0.08548335506119092,-1.4337746169199646,0.15491984012718119,0.15491984012718119,Atp1a1
ENSMUSG00000026276,chol1,0.011079124469394956,0.007728199807966735,1.4335970529610103,0.15497041414581486,0.15497041414581486,Septin2
ENSMUSG00000002741,chol1,-0.012078547713555064,0.008430204311438714,-1.4327704605173108,0.15520601304211137,0.15520601304211137,Ykt6
ENSMUSG00000021981,chol1,0.012773155819219747,0.008926764524200036,1.4308830242572577,0.15574501365170038,0.15574501365170038,Cab39l
ENSMUSG00000005886,chol1,0.013491462059048893,0.009430681049302675,1.4305925509002855,0.15582809294201452,0.15582809294201452,Ncoa2
ENSMUSG00000042628,chol1,-0.01727117301383663,0.012081898264173628,-1.429508230925162,0.15613852486119748,0.15613852486119748,Zfyve1
ENSMUSG00000021771,chol1,-0.01339525382939703,0.009372542073358699,-1.429201781603395,0.1562263451139753,0.1562263451139753,Vdac2
ENSMUSG00000036529,chol1,-0.009402089098595672,0.006579110662750862,-1.4290820721146624,0.15626066101709932,0.15626066101709932,Sbf1
ENSMUSG00000022817,chol1,0.02524661799020155,0.01766953330930135,1.4288220038562975,0.15633523215874956,0.15633523215874956,Itgb5
ENSMUSG00000073842,chol1,22.81953786991677,15.97711596307708,1.4282638946010306,0.15649535518389746,0.15649535518389746,Mup7
ENSMUSG00000025060,chol1,0.018422881626643454,0.01291527667685569,1.4264411121487974,0.15701919657120508,0.15701919657120508,Slk
ENSMUSG00000036103,chol1,0.016133972283689648,0.011311190756126212,1.4263725748724896,0.15703891950437793,0.15703891950437793,Colec12
ENSMUSG00000049339,chol1,-0.035114807647600756,0.024642305196541092,-1.424980632596403,0.15743989087017612,0.15743989087017612,Retreg2
ENSMUSG00000023456,chol1,-0.04777671494132129,0.03355651355534839,-1.4237687375512948,0.15778963812061964,0.15778963812061964,Tpi1
ENSMUSG00000024335,chol1,-0.016743926520350255,0.011760473989653276,-1.4237458911164091,0.15779623723243785,0.15779623723243785,Brd2
ENSMUSG00000022844,chol1,-0.022943763787120826,0.016127081085177547,-1.4226854609299704,0.15810277250578744,0.15810277250578744,Pdia5
ENSMUSG00000073424,chol1,-0.05682708031616738,0.039951861503198224,-1.4223887993709194,0.1581886095012383,0.1581886095012383,Cyp4f15
ENSMUSG00000036990,chol1,-0.009455322065420472,0.006649341820485601,-1.4219936830875617,0.15830298936455828,0.15830298936455828,Otud4
ENSMUSG00000027312,chol1,-0.030842289372400782,0.02170036996461786,-1.4212794262350685,0.15850991676177512,0.15850991676177512,Atrn
ENSMUSG00000038092,chol1,-0.1350233188968577,0.09503021747261993,-1.4208461528119787,0.15863554176201303,0.15863554176201303,Hsd3b5
ENSMUSG00000079334,chol1,-0.016066838110572485,0.011310801351008929,-1.4204862778479719,0.15873994351820428,0.15873994351820428,Naa80
ENSMUSG00000034243,chol1,0.024332320153950808,0.01713895426700691,1.4197085641795182,0.15896574308237962,0.15896574308237962,Golgb1
ENSMUSG00000023832,chol1,0.04589810054158305,0.032354782715482686,1.4185878157549643,0.15929157274992628,0.15929157274992628,Acat2
ENSMUSG00000068290,chol1,-0.01987312099086456,0.014011471526279282,-1.4183464565867643,0.1593618090355769,0.1593618090355769,Ddrgk1
ENSMUSG00000032594,chol1,-0.011068491488793792,0.007811920943436083,-1.4168719280363458,0.15979141847679992,0.15979141847679992,Ip6k1
ENSMUSG00000001211,chol1,-0.04914473101660907,0.034697235030165745,-1.4163875298386943,0.1599327436923833,0.1599327436923833,Agpat3
ENSMUSG00000040952,chol1,-0.026215848494502397,0.018527322009608355,-1.4149831519583207,0.16034301954468785,0.16034301954468785,Rps19
ENSMUSG00000032014,chol1,-0.061798393805805,0.04369473843980676,-1.414321174869546,0.1605366899820747,0.1605366899820747,Oaf
ENSMUSG00000035104,chol1,-0.02712886943456658,0.0191964945219996,-1.4132199711502693,0.16085925995314615,0.16085925995314615,Eva1a
ENSMUSG00000034245,chol1,-0.018989759516449826,0.01344028805467132,-1.4128982533115968,0.16095359294691683,0.16095359294691683,Hdac11
ENSMUSG00000021539,chol1,0.04225013862460283,0.029944587883722396,1.4109440673775182,0.16152750497282206,0.16152750497282206,Lect2
ENSMUSG00000002778,chol1,-0.011729607459897873,0.008317062297149513,-1.4103065530623635,0.16171507154332332,0.16171507154332332,Kdelr1
ENSMUSG00000030275,chol1,0.02958506332819595,0.020986232213837386,1.409736775364988,0.16188285027279398,0.16188285027279398,Etnk1
ENSMUSG00000000787,chol1,0.05210904878552797,0.036972811781124285,1.409388311984732,0.16198552577559425,0.16198552577559425,Ddx3x
ENSMUSG00000032590,chol1,-0.009707695516656487,0.006891515268244894,-1.4086445634660558,0.16220483992842336,0.16220483992842336,Apeh
ENSMUSG00000039323,chol1,-0.20902829909334347,0.14848428551706555,-1.4077469434926801,0.16246983025220468,0.16246983025220468,Igfbp2
ENSMUSG00000097695,chol1,0.10921600141207662,0.07758252696430656,1.4077396765166426,0.16247197692116416,0.16247197692116416,NA
ENSMUSG00000025196,chol1,-0.06509230237383869,0.046260561229823756,-1.4070798244417813,0.1626669882247897,0.1626669882247897,Cpn1
ENSMUSG00000030770,chol1,-0.023032063698435506,0.016394746001339684,-1.404844191947436,0.16332903582574232,0.16332903582574232,Parva
ENSMUSG00000032120,chol1,-0.01582721024444426,0.011274965520174042,-1.4037479951601617,0.16365441042964265,0.16365441042964265,C2cd2l
ENSMUSG00000070473,chol1,-0.019260176853996436,0.013725918754753662,-1.4031976436787599,0.16381795351070125,0.16381795351070125,Cldn3
ENSMUSG00000036880,chol1,-0.18236509113921848,0.1299939698316646,-1.4028734669413645,0.1639143447792474,0.1639143447792474,Acaa2
ENSMUSG00000058207,chol1,-4.882334403139285,3.480397166109108,-1.4028095559557834,0.16393335330388295,0.16393335330388295,Serpina3k
ENSMUSG00000046027,chol1,-0.033037821527281463,0.023584849318269988,-1.4008069791520243,0.1645298185489067,0.1645298185489067,Stard5
ENSMUSG00000068039,chol1,-0.026400495819736348,0.018853050893300943,-1.4003301624310174,0.164672082303937,0.164672082303937,Tcp1
ENSMUSG00000042073,chol1,-0.04577360716715027,0.032758839149146214,-1.3972902690095248,0.16558128266007857,0.16558128266007857,Abhd14b
ENSMUSG00000025428,chol1,-0.20234248370515148,0.14493511239740467,-1.3960901561958206,0.16594127845935022,0.16594127845935022,Atp5a1
ENSMUSG00000024953,chol1,-0.031508400995341884,0.022602758486782743,-1.3940068869809334,0.16656761290057756,0.16656761290057756,Prdx5
ENSMUSG00000022890,chol1,-0.021761467698745474,0.015637707347775268,-1.391602184052985,0.16729282925857233,0.16729282925857233,Atp5j
ENSMUSG00000026526,chol1,-0.05157783788670663,0.037082140215559674,-1.390907795151062,0.16750269258689052,0.16750269258689052,Fh1
ENSMUSG00000024052,chol1,-0.16800460578090418,0.12089831239120465,-1.3896356570906652,0.16788768858837452,0.16788768858837452,Lpin2
ENSMUSG00000051375,chol1,-0.027198891993352896,0.019572719364337837,-1.389632758078073,0.16788856670699034,0.16788856670699034,Pcdh1
ENSMUSG00000006476,chol1,-0.030163280839669026,0.021716372492834174,-1.3889649779042106,0.16809093246336967,0.16809093246336967,Nsmf
ENSMUSG00000015243,chol1,0.08108162216616002,0.05840500225444831,1.388265029302085,0.16830324626102103,0.16830324626102103,Abca1
ENSMUSG00000025220,chol1,0.02096390559750646,0.015117740168449346,1.3867089501417702,0.168775980739869,0.168775980739869,Oga
ENSMUSG00000090231,chol1,-0.3035483684486961,0.21902965281011608,-1.3858779601493139,0.16902884846137387,0.16902884846137387,Cfb
ENSMUSG00000022371,chol1,-0.03030374583480427,0.021870715269208692,-1.3855854946577015,0.16911791347399732,0.16911791347399732,Col14a1
ENSMUSG00000034928,chol1,-0.009429946186101377,0.006809446887337373,-1.3848329155246073,0.1693472620794267,0.1693472620794267,Rnf44
ENSMUSG00000030695,chol1,-0.012537057197716549,0.00905324531803889,-1.3848135952679919,0.16935315304877965,0.16935315304877965,Aldoa
ENSMUSG00000032518,chol1,-0.08198498239209241,0.05931002712342349,-1.382312340230137,0.17011713379261004,0.17011713379261004,Rpsa
ENSMUSG00000030711,chol1,0.13596416454998647,0.09838156999755665,1.3820084854649424,0.17021012133846555,0.17021012133846555,Sult1a1
ENSMUSG00000019877,chol1,0.03939564779018609,0.028516764538593857,1.3814907976979307,0.17036863651923348,0.17036863651923348,Serinc1
ENSMUSG00000010608,chol1,-0.0129216820933176,0.009354043752379084,-1.3814006471833247,0.17039625194928926,0.17039625194928926,Rbm25
ENSMUSG00000062270,chol1,0.029247733358590006,0.021186997761488958,1.3804567163240482,0.17068560698016322,0.17068560698016322,Morf4l1
ENSMUSG00000022353,chol1,0.08385188197966255,0.0608424389333055,1.3781808134216913,0.17138480565550535,0.17138480565550535,Mtss1
ENSMUSG00000020917,chol1,-0.37810709981832424,0.27446656732686214,-1.3776071289879055,0.17156139519700025,0.17156139519700025,Acly
ENSMUSG00000009291,chol1,-0.04853503861685367,0.035282847800824794,-1.3755986730674015,0.17218072126591177,0.17218072126591177,Pttg1ip
ENSMUSG00000005881,chol1,-0.010348275716585864,0.007523199158630089,-1.3755153224562777,0.17220645987480276,0.17220645987480276,Ergic3
ENSMUSG00000025153,chol1,-0.9033961983278943,0.6573944336689923,-1.3742072522365887,0.17261077413267498,0.17261077413267498,Fasn
ENSMUSG00000049502,chol1,0.016844360992242194,0.012271116120964804,1.3726836928438928,0.17308260308949838,0.17308260308949838,Dtx3l
ENSMUSG00000001755,chol1,-0.02763020070431627,0.020141593677755983,-1.3717981380406146,0.17335729902945965,0.17335729902945965,Coasy
ENSMUSG00000028273,chol1,0.014396253906889036,0.010500111291988613,1.3710572684951545,0.17358736830327096,0.17358736830327096,Pdlim5
ENSMUSG00000029426,chol1,-0.027122608510345165,0.019810544813905713,-1.369099576267426,0.17419642440966768,0.17419642440966768,Scarb2
ENSMUSG00000024055,chol1,-0.017098383774894275,0.012498036433926107,-1.3680856081104433,0.17451251588983668,0.17451251588983668,Cyp4f13
ENSMUSG00000058230,chol1,-0.02797380253312783,0.020452261421967877,-1.3677608532365535,0.17461384595179186,0.17461384595179186,Arhgap35
ENSMUSG00000031438,chol1,-0.017170918022059348,0.01257957211796058,-1.3649842666384049,0.17548201923539358,0.17548201923539358,Rnf128
ENSMUSG00000012848,chol1,-0.03244592327429591,0.02377203464261248,-1.3648778391116374,0.17551536159699235,0.17551536159699235,Rps5
ENSMUSG00000030062,chol1,-0.036658559983123964,0.026862835821050465,-1.3646571131703562,0.17558452746973272,0.17558452746973272,Rpn1
ENSMUSG00000025792,chol1,-0.08222224993757585,0.06027237156726426,-1.3641781101282104,0.17573469714953352,0.17573469714953352,Slc25a10
ENSMUSG00000058454,chol1,0.051974196838325805,0.03810895770105785,1.3638314972042145,0.17584342257986768,0.17584342257986768,Dhcr7
ENSMUSG00000022636,chol1,0.02236410440757355,0.016401642124742287,1.3635283734082175,0.17593854811822732,0.17593854811822732,Alcam
ENSMUSG00000056999,chol1,-0.01992685455609988,0.014614319933581298,-1.363515691914699,0.17594252864161794,0.17594252864161794,Ide
ENSMUSG00000000740,chol1,-0.08396880292058788,0.06158292086877513,-1.3635079618830364,0.17594495501168106,0.17594495501168106,Rpl13
ENSMUSG00000032788,chol1,-0.03219093507030247,0.02361402464484281,-1.3632125634853531,0.17603769624200116,0.17603769624200116,Pdxk
ENSMUSG00000097815,chol1,0.6003335919701052,0.4406752345950852,1.3623039028315767,0.17632320516021682,0.17632320516021682,NA
ENSMUSG00000026259,chol1,-0.01922788347784158,0.014124879748154212,-1.3612776760350267,0.1766460758485388,0.1766460758485388,Ngef
ENSMUSG00000032536,chol1,-0.01528134353931858,0.011232210075522803,-1.3604930317871846,0.1768932418059845,0.1768932418059845,Trak1
ENSMUSG00000022742,chol1,0.055447416674559324,0.040800800226526907,1.3589786564654147,0.17737101584536807,0.17737101584536807,Cpox
ENSMUSG00000063576,chol1,-0.006687976726565115,0.004922328419246012,-1.3587018493962173,0.17745845183597633,0.17745845183597633,Klhdc3
ENSMUSG00000034120,chol1,-0.019649506117563987,0.014468992249827716,-1.3580424799659394,0.17766686044170527,0.17766686044170527,Srsf2
ENSMUSG00000041130,chol1,-0.013582868496052215,0.010009108735192042,-1.3570507480146388,0.17798066827640882,0.17798066827640882,Zfp598
ENSMUSG00000025162,chol1,-0.008682938841580492,0.006401751607962261,-1.356337979558747,0.17820646408832658,0.17820646408832658,Csnk1d
ENSMUSG00000064225,chol1,-0.12443519329952378,0.09177748899799523,-1.3558356701417482,0.17836571924667913,0.17836571924667913,Paqr9
ENSMUSG00000029064,chol1,-0.007623938660765783,0.005626632164883483,-1.3549737102680606,0.1786392507829976,0.1786392507829976,Gnb1
ENSMUSG00000037470,chol1,-0.027312652379435313,0.02019994498844582,-1.352115186207581,0.17954863447279323,0.17954863447279323,Uggt1
ENSMUSG00000019173,chol1,-0.010442364410501025,0.0077263315392298885,-1.3515294234373294,0.1797354143046351,0.1797354143046351,Rab5c
ENSMUSG00000043131,chol1,0.00849916519575343,0.0062993818151972905,1.3492062308795367,0.1804776463001853,0.1804776463001853,Mob1a
ENSMUSG00000034892,chol1,-0.02670016045152013,0.019831719422167795,-1.3463361337028008,0.18139779831176406,0.18139779831176406,Rps29
ENSMUSG00000032328,chol1,-0.039733185309236176,0.0295197329090059,-1.3459872903224794,0.18150987800442353,0.18150987800442353,Tmem30a
ENSMUSG00000029071,chol1,-0.019470221454955604,0.014465577994417196,-1.3459691318570115,0.1815157135566624,0.1815157135566624,Dvl1
ENSMUSG00000074115,chol1,-1.2240081429899858,0.910679226633724,-1.3440606826121038,0.1821298171975793,0.1821298171975793,Saa1
ENSMUSG00000031537,chol1,0.009585648952566281,0.00714053204094752,1.3424278327717305,0.1826564795702781,0.1826564795702781,Ikbkb
ENSMUSG00000038704,chol1,-0.017135941140510237,0.012766039047167155,-1.342306809277133,0.18269556031725936,0.18269556031725936,Aspdh
ENSMUSG00000055322,chol1,0.04558332922912665,0.03399686746097778,1.3408096872880426,0.18317952984849903,0.18317952984849903,Tns1
ENSMUSG00000068523,chol1,-0.007493886267554088,0.00559265061091794,-1.3399525178498666,0.18345705821273878,0.18345705821273878,Gng5
ENSMUSG00000035473,chol1,-0.03452578770632245,0.025770384559109755,-1.3397467013784892,0.18352374312800604,0.18352374312800604,Galm
ENSMUSG00000006818,chol1,-0.039164187840642,0.029251986120571578,-1.3388556824556819,0.18381264532749642,0.18381264532749642,Sod2
ENSMUSG00000001829,chol1,-0.009380873162793506,0.007010367098899239,-1.3381429289582398,0.18404399331912558,0.18404399331912558,Clpb
ENSMUSG00000041567,chol1,0.054441140854650814,0.04073015719009952,1.336629775342092,0.18453586388857116,0.18453586388857116,Serpina12
ENSMUSG00000024259,chol1,-0.008426451296269183,0.006304756782092646,-1.3365228172167989,0.1845706694059196,0.1845706694059196,Slc25a46
ENSMUSG00000020163,chol1,-0.01986861379702258,0.014890797619073387,-1.3342880821624483,0.1852990095649624,0.1852990095649624,Uqcr11
ENSMUSG00000027363,chol1,-0.009743193058437582,0.007302767507779027,-1.3341781794448437,0.18533488446370897,0.18533488446370897,Usp8
ENSMUSG00000047638,chol1,0.02680644953117331,0.02011627238218237,1.3325753908023559,0.18585866650377061,0.18585866650377061,Nr1h4
ENSMUSG00000029447,chol1,0.020813171877287075,0.015621012018650116,1.332383065350566,0.18592159197582717,0.18592159197582717,Cct6a
ENSMUSG00000029994,chol1,0.01024758504748538,0.007691266208028877,1.3323664492054603,0.18592702923413934,0.18592702923413934,Anxa4
ENSMUSG00000000171,chol1,-0.03281398851396148,0.024675160471800378,-1.3298389103269432,0.18675550054149634,0.18675550054149634,Sdhd
ENSMUSG00000026353,chol1,-0.02170878690557166,0.01633604539233705,-1.3288887478088711,0.18706765821245128,0.18706765821245128,Ubxn4
ENSMUSG00000030225,chol1,0.019049240535211495,0.014338870907554067,1.3285035243030112,0.1871943274685403,0.1871943274685403,Dera
ENSMUSG00000035237,chol1,-0.08129500688817898,0.06121485577212856,-1.3280274185534062,0.18735096952521293,0.18735096952521293,Lcat
ENSMUSG00000071177,chol1,1.7791387709766577,1.3412085589676126,1.3265191003151213,0.18784786564159603,0.18784786564159603,Serpina1d
ENSMUSG00000040855,chol1,0.012442268837017077,0.009392635891125897,1.3246833989138718,0.18845394612594835,0.18845394612594835,Reps2
ENSMUSG00000036026,chol1,-0.018765184689300066,0.014179605885577531,-1.3233925428341173,0.18888101556266504,0.18888101556266504,Tmem63b
ENSMUSG00000078680,chol1,12.045502480174957,9.105458872164608,1.3228880223706312,0.18904812902596824,0.18904812902596824,Mup10
ENSMUSG00000036646,chol1,-0.00720076829026786,0.005444701172429228,-1.3225277314999344,0.1891675367491204,0.1891675367491204,Man1b1
ENSMUSG00000042202,chol1,-0.02301602194746041,0.017409315845245254,-1.3220520640819111,0.18932526909947042,0.18932526909947042,Slc35e2
ENSMUSG00000008690,chol1,-0.006521105079171,0.004936076941670904,-1.3211109057314554,0.18963764940360503,0.18963764940360503,Ncaph2
ENSMUSG00000022615,chol1,-0.052887425198680914,0.04012714985161007,-1.3179960548969527,0.1906742524149127,0.1906742524149127,Tymp
ENSMUSG00000000594,chol1,-0.0411283772741753,0.031215165394591127,-1.3175767853308222,0.1908141056995564,0.1908141056995564,Gm2a
ENSMUSG00000079015,chol1,-3.854406048897458,2.9257210741163666,-1.317420885742355,0.19086612776785,0.19086612776785,Serpina1c
ENSMUSG00000089678,chol1,0.05147263911969071,0.03911935443308489,1.3157844720504417,0.19141282199096646,0.19141282199096646,Agxt2
ENSMUSG00000025059,chol1,0.09664385746635552,0.0735188128868629,1.314545946424345,0.19182736694732241,0.19182736694732241,Gk
ENSMUSG00000024283,chol1,-0.00858267351753471,0.0065327856125681856,-1.313784658878568,0.1920825089444007,0.1920825089444007,Wac
ENSMUSG00000012428,chol1,0.22245046787956024,0.16943274872377637,1.3129130558001976,0.1923749338215476,0.1923749338215476,Steap4
ENSMUSG00000035569,chol1,-0.01225794603111735,0.009341956199558006,-1.312139103338689,0.19263487523894157,0.19263487523894157,Ankrd11
ENSMUSG00000032301,chol1,-0.016301038134681114,0.012425478383255825,-1.3119042689453204,0.19271379907890118,0.19271379907890118,Psma4
ENSMUSG00000049971,chol1,-0.021032553017452913,0.016052203111829734,-1.3102595868571394,0.1932672253897676,0.1932672253897676,Glt1d1
ENSMUSG00000028234,chol1,-0.020564184482654672,0.01571341347912251,-1.3087025623030346,0.19379224739682538,0.19379224739682538,Rps20
ENSMUSG00000041528,chol1,-0.01321165927622457,0.010132417491348562,-1.3039000107827357,0.19541834732068214,0.19541834732068214,Rnf123
ENSMUSG00000038633,chol1,-0.016060378806795176,0.012332995686046466,-1.3022285270857483,0.19598667381835497,0.19598667381835497,Degs1
ENSMUSG00000026272,chol1,-0.09096900030996811,0.06988522054782915,-1.3016915393106516,0.1961695176291514,0.1961695176291514,Agxt
ENSMUSG00000060261,chol1,-0.015103975082012382,0.011604125611933,-1.3016038939185854,0.19619937284769215,0.19619937284769215,Gtf2i
ENSMUSG00000034858,chol1,0.0392557132278868,0.030188609437896263,1.3003485075602206,0.19662737443444173,0.19662737443444173,Fam214a
ENSMUSG00000033124,chol1,-0.014381509200024086,0.011065792891770414,-1.2996365773951506,0.19687040278910586,0.19687040278910586,Atg9a
ENSMUSG00000020790,chol1,0.006457934837826432,0.004973743004749371,1.298405412515247,0.19729120710790893,0.19729120710790893,Ankfy1
ENSMUSG00000020592,chol1,-0.0790105987549616,0.060894108172399104,-1.29750810261105,0.1975983230179021,0.1975983230179021,Sdc1
ENSMUSG00000032114,chol1,-0.07233162720314096,0.055788502577906914,-1.296532867182303,0.19793251280890226,0.19793251280890226,Slc37a4
ENSMUSG00000078688,chol1,17.26330939823146,13.33044685496822,1.2950285602614644,0.19844882607029776,0.19844882607029776,Mup2
ENSMUSG00000062624,chol1,-0.1828776791572311,0.14131369700521768,-1.2941256441014262,0.1987592080565159,0.1987592080565159,Cyp2c67
ENSMUSG00000006676,chol1,-0.01230418422434799,0.0095114542323698,-1.2936175608640212,0.19893402266287566,0.19893402266287566,Usp19
ENSMUSG00000014959,chol1,-0.013695913200334026,0.010609109667015077,-1.2909578306006366,0.19985101104191266,0.19985101104191266,Gorasp2
ENSMUSG00000039682,chol1,-0.04779602603731658,0.03707847166325797,-1.2890505971064312,0.2005104910843845,0.2005104910843845,Lap3
ENSMUSG00000061410,chol1,-0.01208781446689799,0.009378485199613745,-1.2888877264950878,0.20056688290894148,0.20056688290894148,Zcchc14
ENSMUSG00000036110,chol1,-0.06363447425973598,0.049372902663702485,-1.2888542262377087,0.2005784833939878,0.2005784833939878,Slc17a2
ENSMUSG00000037942,chol1,0.1307579933873481,0.10149182782620284,1.2883598235245244,0.20074974325013162,0.20074974325013162,Crp
ENSMUSG00000070047,chol1,0.013590221110546672,0.010549660839110353,1.2882140305557659,0.20080026625806158,0.20080026625806158,Fat1
ENSMUSG00000020087,chol1,-0.0190575627900569,0.014793792019433627,-1.288213513142691,0.2008004455788614,0.2008004455788614,Tysnd1
ENSMUSG00000036751,chol1,-0.02838700695706079,0.022071832210309512,-1.2861191896793023,0.2015272521546683,0.2015272521546683,Cox6b1
ENSMUSG00000026579,chol1,0.15471935535254563,0.1203295532233564,1.285796807251122,0.20163930347691783,0.20163930347691783,F5
ENSMUSG00000028745,chol1,-0.006444397499591017,0.005016156082901708,-1.2847282646482385,0.2020110296630177,0.2020110296630177,Capzb
ENSMUSG00000027367,chol1,-0.024309248628821827,0.018924252037171834,-1.2845553198653532,0.20207124163302032,0.20207124163302032,Stard7
ENSMUSG00000018401,chol1,-0.015825330503439775,0.01232111511074131,-1.2844073252463615,0.2021227775747406,0.2021227775747406,Mtmr4
ENSMUSG00000039007,chol1,0.014706014671821322,0.01146064737751253,1.283174866777306,0.20255233274705034,0.20255233274705034,Cpq
ENSMUSG00000056770,chol1,-0.014575789901929538,0.011368002100461592,-1.2821769184347438,0.2029006476525587,0.2029006476525587,Setd3
ENSMUSG00000004460,chol1,-0.029012555213059954,0.02264706260914292,-1.281073652410322,0.20328623729363599,0.20328623729363599,Dnajb11
ENSMUSG00000026617,chol1,-0.011658080350608306,0.009106235955968135,-1.2802304274762084,0.20358130824705528,0.20358130824705528,Bpnt1
ENSMUSG00000070327,chol1,0.04582866438208728,0.035814122778855345,1.2796254892258456,0.20379319021834044,0.20379319021834044,Rnf213
ENSMUSG00000066306,chol1,-0.013955811858000185,0.010916050780514799,-1.2784671067041364,0.20419937313391548,0.20419937313391548,Numa1
ENSMUSG00000026922,chol1,-0.05291066350384442,0.041397170751079466,-1.2781226964034669,0.20432025476106225,0.20432025476106225,Agpat2
ENSMUSG00000035875,chol1,-0.043092727460586684,0.03376095611081838,-1.2764072000549187,0.2049231499372452,0.2049231499372452,AI182371
ENSMUSG00000033022,chol1,0.41964927088625026,0.3290630856561928,1.275285163175983,0.20531818947409938,0.20531818947409938,Cdo1
ENSMUSG00000024740,chol1,-0.037555438389543755,0.029449776686068033,-1.2752367798873774,0.20533523658882347,0.20533523658882347,Ddb1
ENSMUSG00000022010,chol1,0.10160087393771361,0.07973187233273825,1.2742818018083322,0.20567192247414473,0.20567192247414473,Tsc22d1
ENSMUSG00000022108,chol1,-0.14877437799743395,0.11675282233658872,-1.2742679364831948,0.20567681381532998,0.20567681381532998,Itm2b
ENSMUSG00000039519,chol1,-0.27321665845825266,0.21444862883057483,-1.2740424592507305,0.2057563686160292,0.2057563686160292,Cyp7b1
ENSMUSG00000031627,chol1,0.013832232415770451,0.01086564028230606,1.2730250639987852,0.20611561713968024,0.20611561713968024,Irf2
ENSMUSG00000021210,chol1,0.2839513171059317,0.22331340867175178,1.271537248008746,0.20664180707483745,0.20664180707483745,Akr1c6
ENSMUSG00000000420,chol1,-0.009335794465348143,0.0073451563256283,-1.2710137199904408,0.20682719657404278,0.20682719657404278,Galnt1
ENSMUSG00000001576,chol1,-0.019472364711858862,0.015320363450841135,-1.2710119296020859,0.20682783078905848,0.20682783078905848,Ergic1
ENSMUSG00000090175,chol1,-0.3487946162423262,0.27452958775673,-1.2705173933798533,0.20700306685098566,0.20700306685098566,Ugt1a9
ENSMUSG00000046718,chol1,-0.03653914991260623,0.028772141931141273,-1.2699488970982171,0.20720464544785994,0.20720464544785994,Bst2
ENSMUSG00000039114,chol1,0.08636780602887868,0.06802305309849206,1.2696843510364766,0.20729849806074563,0.20729849806074563,Nrn1
ENSMUSG00000037071,chol1,5.0140345629880905,3.949098445267738,1.2696656293783917,0.20730514110252993,0.20730514110252993,Scd1
ENSMUSG00000028211,chol1,0.04349437528521366,0.03425795523439003,1.2696138747227856,0.2073235061225085,0.2073235061225085,Trp53inp1
ENSMUSG00000022110,chol1,-0.023555871742106573,0.018554639700695357,-1.2695407791305044,0.2073494459673392,0.2073494459673392,Sucla2
ENSMUSG00000032348,chol1,-0.03314748189700448,0.026122244336035504,-1.2689369822361585,0.2075638102707223,0.2075638102707223,Gsta4
ENSMUSG00000028158,chol1,-0.09984471168665668,0.07870242245830618,-1.2686358128245792,0.20767079461980595,0.20767079461980595,Mttp
ENSMUSG00000010663,chol1,0.18995151677702093,0.14979593591383125,1.2680685601930404,0.20787240998301887,0.20787240998301887,Fads1
ENSMUSG00000061787,chol1,-0.024543959454456213,0.01940046596045539,-1.2651221627606768,0.2089219512279636,0.2089219512279636,Rps17
ENSMUSG00000020182,chol1,-0.05088135753093226,0.04022487405413718,-1.2649227307076936,0.20899313194176092,0.20899313194176092,Ddc
ENSMUSG00000002588,chol1,0.2160592048027831,0.1709418528436645,1.2639339120793363,0.20934632188967336,0.20934632188967336,Pon1
ENSMUSG00000042626,chol1,0.008240258005355548,0.006537554554122687,1.2604495973435677,0.21059436249367955,0.21059436249367955,Shc1
ENSMUSG00000027346,chol1,0.09654588810153174,0.07664927370585031,1.2595799468633817,0.2109067121098011,0.2109067121098011,Gpcpd1
ENSMUSG00000071178,chol1,-1.4294052120267602,1.1358741957834386,-1.2584185971764825,0.2113243610198276,0.2113243610198276,Serpina1b
ENSMUSG00000020946,chol1,0.017194496086653306,0.013697040543737559,1.2553438848156746,0.21243303298148503,0.21243303298148503,Gosr2
ENSMUSG00000035248,chol1,-0.015571014284361273,0.01240557938542265,-1.2551621976365095,0.21249867858200513,0.21249867858200513,Tut7
ENSMUSG00000021870,chol1,-0.011315299162225229,0.009017641780285095,-1.254795814462647,0.2126311021694131,0.2126311021694131,Slmap
ENSMUSG00000024360,chol1,0.014978684486959815,0.011941607163628916,1.2543273515629505,0.2128005090903534,0.2128005090903534,Etf1
ENSMUSG00000026189,chol1,-0.04891805241043209,0.039000042865249565,-1.2543076575441363,0.2128076330668183,0.2128076330668183,Pecr
ENSMUSG00000048234,chol1,-0.014514345709094973,0.011588223274510529,-1.2525082892578319,0.21345926231729156,0.21345926231729156,Rnf149
ENSMUSG00000002496,chol1,-0.009798252425930548,0.007826738618538885,-1.2518946784196698,0.2136818115305062,0.2136818115305062,Tsc2
ENSMUSG00000020456,chol1,-0.02368758336849176,0.01895771706627246,-1.2494955635050684,0.2145535737687442,0.2145535737687442,Ogdh
ENSMUSG00000010095,chol1,-0.009526698538845026,0.007625171122752831,-1.2493750481767165,0.21459743382595148,0.21459743382595148,Slc3a2
ENSMUSG00000066406,chol1,-0.03192440559320137,0.02556904378553582,-1.2485568823367859,0.2148953687430546,0.2148953687430546,Akap13
ENSMUSG00000002103,chol1,0.014832263498678324,0.011888671406513436,1.2475963874779301,0.2152455190697241,0.2152455190697241,Acp2
ENSMUSG00000025176,chol1,-0.03766045926933638,0.030194078770108025,-1.2472796257861005,0.21536108670035675,0.21536108670035675,Hoga1
ENSMUSG00000032204,chol1,0.09331787116522154,0.0749450516189506,1.2451505356175536,0.2161390445274521,0.2161390445274521,Aqp9
ENSMUSG00000025745,chol1,-0.08151043206102926,0.06572562281743283,-1.2401621858714396,0.21796980484094863,0.21796980484094863,Hadha
ENSMUSG00000079614,chol1,0.007344849105828264,0.005925279232385751,1.2395785612403853,0.218184736997604,0.218184736997604,Seh1l
ENSMUSG00000044221,chol1,-0.01593411245813278,0.012871307083901022,-1.237956048617829,0.21878307460324992,0.21878307460324992,Grsf1
ENSMUSG00000057497,chol1,-0.008508473665630551,0.006877503773992099,-1.237145619287933,0.21908238641852287,0.21908238641852287,Fam136a
ENSMUSG00000073422,chol1,-0.010672894628081379,0.008629385794830219,-1.2368081439209042,0.21920711256183345,0.21920711256183345,H2-Ke6
ENSMUSG00000034667,chol1,-0.020275921078688832,0.016396033038095708,-1.2366357783970254,0.21927083641068612,0.21927083641068612,Xpot
ENSMUSG00000029364,chol1,0.012941385858568452,0.01046899354651869,1.2361633237296166,0.2194455730328979,0.2194455730328979,Wsb2
ENSMUSG00000030087,chol1,-0.06606889560964692,0.053446950111219395,-1.2361583864404262,0.21944739961758575,0.21944739961758575,Klf15
ENSMUSG00000029467,chol1,-0.04824605079170999,0.03906981567901802,-1.234867632549901,0.21992530345365488,0.21992530345365488,Atp2a2
ENSMUSG00000037542,chol1,-0.0609500260028758,0.04951513036501326,-1.2309374034475387,0.22138514842606377,0.22138514842606377,Aldh8a1
ENSMUSG00000025405,chol1,-0.02255606232940994,0.018331214339211047,-1.2304728924129051,0.22155815156151049,0.22155815156151049,Inhbc
ENSMUSG00000022383,chol1,0.057403009531517724,0.04668810554448846,1.2294996522576649,0.2219209455140136,0.2219209455140136,Ppara
ENSMUSG00000034563,chol1,-0.00917788227241026,0.007467982997212481,-1.2289640021724768,0.22212080369838652,0.22212080369838652,Ccpg1
ENSMUSG00000020680,chol1,-0.0075712843870812205,0.006172572948266726,-1.22660103826027,0.22300401999400626,0.22300401999400626,Taf15
ENSMUSG00000024120,chol1,-0.028138760515235773,0.022950917023718712,-1.2260407933223612,0.22321379931993499,0.22321379931993499,Lrpprc
ENSMUSG00000030779,chol1,-0.00894983261724972,0.007321969343726444,-1.2223258794327034,0.22460844910330147,0.22460844910330147,Rbbp6
ENSMUSG00000025825,chol1,-0.012453848081211628,0.010189911169778854,-1.222174352034308,0.2246654693595811,0.2246654693595811,Iscu
ENSMUSG00000040234,chol1,0.01832641082821742,0.01499539147772691,1.2221362046758277,0.22467982599097935,0.22467982599097935,Tm7sf3
ENSMUSG00000034171,chol1,-0.037166285764717005,0.030420943195236434,-1.221733511883248,0.22483141870298037,0.22483141870298037,Faah
ENSMUSG00000022261,chol1,-0.07079263438406765,0.05799335075046881,-1.220702605867197,0.22521983897455344,0.22521983897455344,Sdc2
ENSMUSG00000019820,chol1,0.010945728898494048,0.008976519301965295,1.2193734041320023,0.2257213680364088,0.2257213680364088,Utrn
ENSMUSG00000026614,chol1,-0.0312112431010582,0.025601249510271793,-1.2191296791406823,0.22581341717426276,0.22581341717426276,Slc30a10
ENSMUSG00000032679,chol1,0.024572341421203545,0.02016422442583167,1.218610788209875,0.22600948060739512,0.22600948060739512,Cd59a
ENSMUSG00000026227,chol1,-0.018482346242928886,0.01517962424244738,-1.217576005026921,0.22640084284070744,0.22640084284070744,2810459M11Rik
ENSMUSG00000027673,chol1,-0.009973545130487938,0.008200425825191674,-1.2162228331910825,0.22691336266740803,0.22691336266740803,Ndufb5
ENSMUSG00000022235,chol1,0.035271083984122764,0.029001786525834714,1.2161693540052567,0.2269336353974476,0.2269336353974476,Cmbl
ENSMUSG00000031600,chol1,-0.010605555015024823,0.008723355011441145,-1.2157656086580302,0.22708672832278726,0.22708672832278726,Vps37a
ENSMUSG00000022174,chol1,-0.008345601897693308,0.00686844843382673,-1.2150636316335548,0.22735308337522958,0.22735308337522958,Dad1
ENSMUSG00000049760,chol1,-0.007657598565536716,0.006307932867963378,-1.213963231033735,0.2277710696618088,0.2277710696618088,Micos13
ENSMUSG00000003970,chol1,-0.028600239450323355,0.02357402080069875,-1.2132100710403897,0.2280574773696274,0.2280574773696274,Rpl8
ENSMUSG00000025968,chol1,-0.02540718656632886,0.020962491562541607,-1.2120308547543837,0.22850642685344247,0.22850642685344247,Ndufs1
ENSMUSG00000038267,chol1,0.028849448773473615,0.023840166148061608,1.2101194511104236,0.22923549106817057,0.22923549106817057,Slc22a23
ENSMUSG00000017453,chol1,-0.06314235816808879,0.052181849407367205,-1.2100444672850967,0.2292641262919821,0.2292641262919821,Pipox
ENSMUSG00000015970,chol1,-0.059237925280477985,0.04895832460017369,-1.2099663492215953,0.22929396118559273,0.22929396118559273,Chdh
ENSMUSG00000038886,chol1,0.015581315211682338,0.012892689688317397,1.2085387602093005,0.2298396811478389,0.2298396811478389,Man2a2
ENSMUSG00000037331,chol1,-0.025090874970940463,0.020763562889776387,-1.20840893752848,0.22988935456833326,0.22988935456833326,Larp1
ENSMUSG00000072680,chol1,-0.04230144617318598,0.035014056047189566,-1.2081275621474692,0.2299970424840608,0.2299970424840608,NA
ENSMUSG00000073988,chol1,0.15144169832358895,0.1254713880649007,1.206981931571961,0.23043587418847727,0.23043587418847727,Ttpa
ENSMUSG00000006373,chol1,-0.2663404844111898,0.22076701053903103,-1.206432445503906,0.23064656825449037,0.23064656825449037,Pgrmc1
ENSMUSG00000054452,chol1,-0.073383459717068,0.060883073761209536,-1.205317918160414,0.23107434795707668,0.23107434795707668,Tle5
ENSMUSG00000028132,chol1,0.09328339040476662,0.07739997057309031,1.2052122205482918,0.2311149466964277,0.2311149466964277,Tlcd4
ENSMUSG00000064145,chol1,-0.006779643235377685,0.005629518678248747,-1.204302467557799,0.2314645981463996,0.2314645981463996,Arih2
ENSMUSG00000001280,chol1,0.008733477109720084,0.0072530266783503525,1.2041148470870437,0.23153675502417087,0.23153675502417087,Sp1
ENSMUSG00000013997,chol1,-0.010909486055742585,0.009070094901301696,-1.20279734384884,0.23204391017147122,0.23204391017147122,Nit1
ENSMUSG00000023068,chol1,-0.009685532154880702,0.008056536376482529,-1.2021955468547627,0.23227583016470776,0.23227583016470776,Nus1
ENSMUSG00000046598,chol1,-0.09134346350556667,0.07602809526679735,-1.2014435345910577,0.23256587482499844,0.23256587482499844,Bdh1
ENSMUSG00000025404,chol1,-0.01195792472081348,0.009953155573829675,-1.2014204572723695,0.23257477967497786,0.23257477967497786,R3hdm2
ENSMUSG00000061306,chol1,0.03542873080996372,0.02949570261883241,1.2011489018520003,0.23267958328546529,0.23267958328546529,Slc38a10
ENSMUSG00000000631,chol1,0.03246424376404538,0.027028669500563453,1.2011040263513013,0.23269690573215338,0.23269690573215338,Myo18a
ENSMUSG00000024982,chol1,-0.009660280004477306,0.00804395437832408,-1.2009366973175177,0.23276150481033112,0.23276150481033112,Zdhhc6
ENSMUSG00000005268,chol1,0.12469843427385696,0.10384003058517086,1.2008705464659681,0.23278704658477126,0.23278704658477126,Prlr
ENSMUSG00000032349,chol1,0.26188603133260413,0.21840653941214402,1.1990759619079543,0.23348073174295442,0.23348073174295442,Elovl5
ENSMUSG00000060803,chol1,-0.6249306957921836,0.5213939208706083,-1.1985768739855898,0.23367391530683387,0.23367391530683387,Gstp1
ENSMUSG00000041740,chol1,-0.021552053839729298,0.017992104913278524,-1.1978617256629858,0.2339509306485234,0.2339509306485234,Rnf10
ENSMUSG00000027900,chol1,-0.011489389922594089,0.009592574689370548,-1.1977378644052035,0.2339989327729051,0.2339989327729051,Dram2
ENSMUSG00000025396,chol1,-0.13959431083768864,0.11655819085619758,-1.1976362176889965,0.2340383310029999,0.2340383310029999,Hsd17b6
ENSMUSG00000009894,chol1,-0.0173172562230392,0.01446409069096598,-1.1972585482926528,0.2341847573536686,0.2341847573536686,Snap47
ENSMUSG00000032741,chol1,-0.01931590024194728,0.016134591047262895,-1.1971732153213803,0.2342178509640484,0.2342178509640484,Tpcn1
ENSMUSG00000025354,chol1,-0.006105818660076975,0.005106658103853178,-1.1956584004458592,0.2348058828169768,0.2348058828169768,Dnajc14
ENSMUSG00000004558,chol1,-0.2762423953212045,0.23153447219144288,-1.1930940248620738,0.23580376004431422,0.23580376004431422,Ndrg2
ENSMUSG00000042323,chol1,0.007467756735347554,0.006266421708709796,1.1917098916225195,0.23634363360428734,0.23634363360428734,Pbrm1
ENSMUSG00000022244,chol1,-0.034650617266942726,0.02908317260768483,-1.1914318198485256,0.23645220099865616,0.23645220099865616,Amacr
ENSMUSG00000025917,chol1,-0.007826063922301346,0.006569931430268359,-1.1911941555806584,0.23654502050379028,0.23654502050379028,Cops5
ENSMUSG00000000563,chol1,-0.0448332649538061,0.03765385698820254,-1.1906685938668373,0.23675037093966259,0.23675037093966259,Atp5pb
ENSMUSG00000030630,chol1,-0.11401257497352354,0.0959072310584371,-1.1887797584736306,0.2374894440696873,0.2374894440696873,Fah
ENSMUSG00000032437,chol1,-0.014596932952187426,0.012285431853098773,-1.188149763616622,0.23773631950083524,0.23773631950083524,Stt3b
ENSMUSG00000027957,chol1,0.014912959850526533,0.012569836182435137,1.18640844909066,0.23841964427411144,0.23841964427411144,Slc35a3
ENSMUSG00000037656,chol1,-0.02126809378255738,0.01792821178882503,-1.1862919756344108,0.23846540086194773,0.23846540086194773,Slc20a2
ENSMUSG00000037236,chol1,0.008426390077578118,0.007107363764708215,1.1855858735442188,0.23874292779956593,0.23874292779956593,Matr3
ENSMUSG00000009927,chol1,-0.06608115092861262,0.05574438221513148,-1.1854315771872577,0.23880360337651213,0.23880360337651213,Rps25
ENSMUSG00000029103,chol1,-0.008144790556306564,0.006882822305564374,-1.183350404051832,0.23962308511679073,0.23962308511679073,Lrpap1
ENSMUSG00000002475,chol1,-0.020306450176940095,0.01717527687619015,-1.1823070057805383,0.24003469034981348,0.24003469034981348,Abhd3
ENSMUSG00000009470,chol1,0.017300066470927567,0.014656467019543045,1.1803708525294347,0.24079981497909733,0.24079981497909733,Tnpo1
ENSMUSG00000017404,chol1,-0.13106809602121552,0.11104836415732046,-1.1802793946206487,0.24083600022036575,0.24083600022036575,Rpl19
ENSMUSG00000020849,chol1,-0.018542773051721605,0.015731477413747395,-1.1787051250200746,0.2414594685243411,0.2414594685243411,Ywhae
ENSMUSG00000003923,chol1,-0.00740433567818428,0.006294742783085299,-1.1762729524200077,0.242424965290865,0.242424965290865,Tfam
ENSMUSG00000001323,chol1,-0.028132004503147023,0.023929374037570915,-1.1756264271258272,0.24268207912548656,0.24268207912548656,Srr
ENSMUSG00000028082,chol1,-0.018132686131512515,0.015440729204589105,-1.1743413080596827,0.24319373079909817,0.24319373079909817,Sh3d19
ENSMUSG00000026509,chol1,0.009041943327507095,0.007702751083042296,1.17385895377212,0.2433859718718894,0.2433859718718894,Capn2
ENSMUSG00000027423,chol1,0.006051383017194617,0.005157952790138772,1.1732141148643216,0.2436431401864666,0.2436431401864666,Snx5
ENSMUSG00000025935,chol1,0.03175214209452307,0.02708875011330475,1.1721523496548434,0.24406700538484824,0.24406700538484824,Tram1
ENSMUSG00000005320,chol1,-0.01102688408916748,0.009413031201441477,-1.1714487982870878,0.24434815836519083,0.24434815836519083,Fgfr4
ENSMUSG00000020358,chol1,-0.01843530992500494,0.01574602057699951,-1.170791682562242,0.24461096330727455,0.24461096330727455,Hnrnpab
ENSMUSG00000038708,chol1,0.01776442944352124,0.015176914810084957,1.1704901599445559,0.24473162081745342,0.24473162081745342,Golga4
ENSMUSG00000057236,chol1,-0.021639735580027727,0.01850567761463951,-1.1693565634640106,0.2451856212438266,0.2451856212438266,Rbbp4
ENSMUSG00000037679,chol1,0.019796157343229353,0.016932743141564385,1.1691051578427487,0.24528638936330385,0.24528638936330385,Inf2
ENSMUSG00000039361,chol1,0.014455789170060521,0.012366034998591601,1.1689914488926263,0.24533197574892693,0.24533197574892693,Picalm
ENSMUSG00000060317,chol1,0.060956233156249644,0.05216314603488478,1.1685689570081599,0.2455014073704019,0.2455014073704019,Acnat2
ENSMUSG00000002108,chol1,-0.015887915895334122,0.013605769770005497,-1.1677337015035867,0.2458366145897114,0.2458366145897114,Nr1h3
ENSMUSG00000026672,chol1,-0.020190750682360228,0.017291457103466787,-1.1676720221751675,0.24586138084028766,0.24586138084028766,Optn
ENSMUSG00000020620,chol1,-0.027624643751991113,0.023665375815565007,-1.1673021365594392,0.24600993919342368,0.24600993919342368,Abca8b
ENSMUSG00000011831,chol1,-0.029328500142068697,0.025150687906609397,-1.1661112511503673,0.24648867253983123,0.24648867253983123,Evi5
ENSMUSG00000037072,chol1,-0.021650860204406718,0.018578230250719224,-1.1653887325230314,0.2467794464878432,0.2467794464878432,Selenof
ENSMUSG00000031889,chol1,-0.015055355473088738,0.01291932096193981,-1.1653364381488518,0.24680050156246439,0.24680050156246439,Phaf1
ENSMUSG00000029102,chol1,-0.060345109306790885,0.05182397370625945,-1.1644245894540932,0.2471678410597639,0.2471678410597639,Hgfac
ENSMUSG00000022185,chol1,-0.006312039202348865,0.005421494666405416,-1.1642618116848398,0.24723345720198622,0.24723345720198622,Acin1
ENSMUSG00000059908,chol1,1.515682348008022,1.3020146963000978,1.1641054070396426,0.2472965159937258,0.2472965159937258,Mug1
ENSMUSG00000071650,chol1,-0.02921504356773238,0.02510305981489208,-1.1638040853649607,0.24741803428266165,0.24741803428266165,Ganab
ENSMUSG00000057522,chol1,-0.01599896982977588,0.013753286995725117,-1.1632833543536742,0.24762813700975084,0.24762813700975084,Spop
ENSMUSG00000024899,chol1,0.08153338403320116,0.07010097098766699,1.1630849456785057,0.2477082236189925,0.2477082236189925,Papss2
ENSMUSG00000020664,chol1,-0.02096815151410783,0.0180312945647412,-1.1628755461135567,0.2477927666168163,0.2477927666168163,Dld
ENSMUSG00000022304,chol1,-0.07546076488922947,0.06493335969723643,-1.1621262975006834,0.24809543634065823,0.24809543634065823,Dpys
ENSMUSG00000036402,chol1,0.007123059255560055,0.006136117514462616,1.1608414015493107,0.24861510006028326,0.24861510006028326,Gng12
ENSMUSG00000036078,chol1,0.03191997946461627,0.027539329537893505,1.1590688662443684,0.24933325339212803,0.24933325339212803,Sigmar1
ENSMUSG00000000326,chol1,-0.23367564654170345,0.20162989280615234,-1.1589335454657013,0.24938813987361777,0.24938813987361777,Comt
ENSMUSG00000000743,chol1,-0.007451465417036176,0.0064299280283024104,-1.1588722897421708,0.24941298818448526,0.24941298818448526,Chmp1a
ENSMUSG00000026393,chol1,0.013596125011839065,0.011736392476276775,1.15845861829531,0.2495808395286169,0.2495808395286169,Nek7
ENSMUSG00000038991,chol1,-0.04261527677564338,0.03680566276457921,-1.1578456567464719,0.24982970224636702,0.24982970224636702,Txndc5
ENSMUSG00000081051,chol1,0.05016084057309647,0.043377319669787924,1.156384049428329,0.2504238260948133,0.2504238260948133,Gm15427
ENSMUSG00000056492,chol1,-0.00992936267123582,0.008597588160905001,-1.1549009426139614,0.251027712913082,0.251027712913082,Adgrf5
ENSMUSG00000022228,chol1,0.009821499771829067,0.00851314124711996,1.1536869278601165,0.2515227995082825,0.2515227995082825,Zscan26
ENSMUSG00000052512,chol1,0.025640364599925934,0.022225534100478873,1.153644474144425,0.2515401250437915,0.2515401250437915,Nav2
ENSMUSG00000029076,chol1,-0.018853588999578116,0.016361626631646684,-1.1523052948238945,0.25208708374582595,0.25208708374582595,Sdf4
ENSMUSG00000040463,chol1,0.013448869477617711,0.011672209991311059,1.1522127761263052,0.25212490208175087,0.25212490208175087,Mybbp1a
ENSMUSG00000002881,chol1,0.01013117034466726,0.008793039602286064,1.1521806795949494,0.2521380229350219,0.2521380229350219,Nab1
ENSMUSG00000032216,chol1,-0.03960508920191831,0.03438245205448566,-1.1518983328808652,0.2522534652735991,0.2522534652735991,Nedd4
ENSMUSG00000024164,chol1,-3.640280608484509,3.1615250538622557,-1.151431839528643,0.2524442811488798,0.2524442811488798,C3
ENSMUSG00000050621,chol1,-0.01505209383421873,0.013111162251606492,-1.148036577182501,0.2538361686884207,0.2538361686884207,Rps27rt
ENSMUSG00000040466,chol1,0.015868689997503044,0.013822782415563695,1.1480098232347034,0.2538471579747273,0.2538471579747273,Blvrb
ENSMUSG00000048489,chol1,0.035944878552793574,0.03131974451839243,1.147674705062969,0.2539848375438364,0.2539848375438364,Depp1
ENSMUSG00000031980,chol1,-0.18556529481406223,0.1617297081953312,-1.1473791481150963,0.2541063076329529,0.2541063076329529,Agt
ENSMUSG00000046312,chol1,-0.016863438492866426,0.014711022949945666,-1.1463131116200664,0.2545447760611257,0.2545447760611257,Myorg
ENSMUSG00000050144,chol1,-0.02515977066668962,0.021949421117503018,-1.1462612399662144,0.2545661248756239,0.2545661248756239,Slc25a44
ENSMUSG00000031029,chol1,-0.01168790478814544,0.010202659429122116,-1.145574334744909,0.25484895375449784,0.25484895375449784,Eif3f
ENSMUSG00000030378,chol1,0.2413256431837161,0.21066215881700048,1.1455576290441065,0.25485583498517533,0.25485583498517533,Sult2a8
ENSMUSG00000058600,chol1,-0.014997576437261599,0.013095740261263948,-1.1452255571701522,0.2549926456597999,0.2549926456597999,Rpl30
ENSMUSG00000059208,chol1,-0.009676080195624284,0.008471376094039605,-1.1422087849968436,0.25623790581069067,0.25623790581069067,Hnrnpm
ENSMUSG00000024002,chol1,-0.007364314066522592,0.006464641786171782,-1.139168156582977,0.25749734895890164,0.25749734895890164,Brd4
ENSMUSG00000021102,chol1,-0.021075973256644922,0.018501777627659033,-1.1391323407291212,0.25751221001314245,0.25751221001314245,Glrx5
ENSMUSG00000042055,chol1,0.007141855890684586,0.006279812492957471,1.1372721556087635,0.25828488678749684,0.25828488678749684,Wdr11
ENSMUSG00000027248,chol1,-0.10666776930627428,0.09392721128563042,-1.1356428860844183,0.2589629868402539,0.2589629868402539,Pdia3
ENSMUSG00000056076,chol1,-0.014106309270627953,0.012425401563176121,-1.1352799504229598,0.2591142107315835,0.2591142107315835,Eif3b
ENSMUSG00000054072,chol1,0.15436662220921105,0.13646552517306912,1.13117669838913,0.260828230736757,0.260828230736757,Iigp1
ENSMUSG00000019370,chol1,-0.0062298973230814165,0.005508141173673829,-1.1310344318800727,0.26088780119865784,0.26088780119865784,Calm3
ENSMUSG00000041355,chol1,-0.010288970389440415,0.009100925001563552,-1.130541168911155,0.2610944164751203,0.2610944164751203,Ssr2
ENSMUSG00000032012,chol1,0.013915582481638681,0.012315627114685288,1.1299126185012203,0.2613578667315775,0.2613578667315775,Nectin1
ENSMUSG00000026880,chol1,0.014474668721640072,0.012820944391058749,1.1289861557885408,0.26174652406995913,0.26174652406995913,Stom
ENSMUSG00000036892,chol1,-0.04233452234783578,0.037502722365281196,-1.1288386463119198,0.2618084427128196,0.2618084427128196,Prodh2
ENSMUSG00000042524,chol1,0.04249569058299825,0.03765181206975971,1.1286492799938552,0.2618879462740023,0.2618879462740023,Sun2
ENSMUSG00000037712,chol1,-0.04441378178248855,0.03937467036086363,-1.1279785043390111,0.2621697010757659,0.2621697010757659,Fermt2
ENSMUSG00000060613,chol1,0.28039714007112015,0.24879335375441458,1.1270282579489719,0.26256920970740477,0.26256920970740477,Cyp2c70
ENSMUSG00000004455,chol1,0.012403137694698687,0.0110099859957807,1.1265352834646545,0.2627766373448714,0.2627766373448714,Ppp1cc
ENSMUSG00000029201,chol1,0.06410158509914679,0.056908480350551856,1.1263977653995672,0.2628345209731376,0.2628345209731376,Ugdh
ENSMUSG00000044573,chol1,0.0073910010676677485,0.006566356901060817,1.125586254148584,0.26317628156777745,0.26317628156777745,Acp1
ENSMUSG00000025314,chol1,0.016569813028990594,0.014742641338877201,1.1239378784380405,0.2638714389244512,0.2638714389244512,Ptprj
ENSMUSG00000024601,chol1,-0.019517980644216944,0.017392906231096756,-1.1221805249154262,0.26461397056515246,0.26461397056515246,Isoc1
ENSMUSG00000001729,chol1,-0.011149623517965222,0.009938756801302096,-1.1218328147947525,0.26476106115109765,0.26476106115109765,Akt1
ENSMUSG00000040813,chol1,-0.014707983055079591,0.013115625383978482,-1.1214092065366756,0.2649403359946608,0.2649403359946608,Tex264
ENSMUSG00000037815,chol1,-0.013369024935208055,0.011924918683699557,-1.121099882507583,0.2650712983858756,0.2650712983858756,Ctnna1
ENSMUSG00000021670,chol1,0.10560438544527774,0.094229423780394,1.12071560250006,0.26523405892838314,0.26523405892838314,Hmgcr
ENSMUSG00000022871,chol1,0.5214021613814243,0.4654549389229058,1.120199009141431,0.2654529705433117,0.2654529705433117,Fetub
ENSMUSG00000040774,chol1,-0.011117003211613467,0.009927089917967091,-1.1198652680170393,0.2655944638881018,0.2655944638881018,Cept1
ENSMUSG00000022770,chol1,0.007912653757071142,0.007069377052732617,1.1192858575866402,0.2658402368235551,0.2658402368235551,Dlg1
ENSMUSG00000040548,chol1,0.03063270098414856,0.027394272039199873,1.1182155503279902,0.2662946554139497,0.2662946554139497,Tex2
ENSMUSG00000030214,chol1,0.012767379349239282,0.011448040100696619,1.1152458619062997,0.26755833382778427,0.26755833382778427,Plbd1
ENSMUSG00000051403,chol1,-0.013997216659060964,0.012558656046663372,-1.1145473374740438,0.2678561811990748,0.2678561811990748,Ppp1r37
ENSMUSG00000028792,chol1,-0.058160681843621095,0.052183389183250564,-1.1145439718255992,0.2678576168550693,0.2678576168550693,Ak2
ENSMUSG00000054808,chol1,-0.02396133247518101,0.021509951131762003,-1.1139649889673273,0.2681046685931558,0.2681046685931558,Actn4
ENSMUSG00000034024,chol1,-0.013863134982478188,0.01244673036159387,-1.1137973250593451,0.2681762403972776,0.2681762403972776,Cct2
ENSMUSG00000055850,chol1,-0.02461814096658371,0.022109513795936845,-1.1134636968411258,0.26831869815050474,0.26831869815050474,Rnf181
ENSMUSG00000029068,chol1,-0.02473125102246406,0.02221396005359108,-1.1133202257859485,0.26837997588203266,0.26837997588203266,Ccnl2
ENSMUSG00000094793,chol1,0.16020498011038295,0.14392685638993843,1.1130999740336334,0.268474066315853,0.268474066315853,Mup12
ENSMUSG00000038009,chol1,-0.015799482224192987,0.014196847550976555,-1.1128866579331687,0.26856521581164927,0.26856521581164927,Dnajc22
ENSMUSG00000028979,chol1,-0.03310618071998688,0.02974869179946073,-1.1128617333212283,0.2685758674514763,0.2685758674514763,Masp2
ENSMUSG00000015112,chol1,-0.053125065825160786,0.047792663424970995,-1.11157366043349,0.26912673213824917,0.26912673213824917,Slc25a13
ENSMUSG00000074639,chol1,0.061080357410389155,0.055003876764350444,1.1104736793748518,0.2695977796650108,0.2695977796650108,Rdh16f2
ENSMUSG00000014313,chol1,-0.018988871630173636,0.01710596070787234,-1.1100733805283887,0.26976934312871087,0.26976934312871087,Cox6c
ENSMUSG00000074698,chol1,-0.013543214153485828,0.012205626564009359,-1.10958778580205,0.26997756553145946,0.26997756553145946,Csnk2a1
ENSMUSG00000030127,chol1,-0.00721725230538741,0.006512190898842159,-1.1082679266467155,0.270544085179691,0.270544085179691,Cops7a
ENSMUSG00000068246,chol1,0.04267572437812658,0.03855416927252546,1.1069029675225872,0.27113083317716585,0.27113083317716585,Apol9b
ENSMUSG00000033684,chol1,-0.12697695490825803,0.11489541743318957,-1.1051524747024288,0.27188460400557296,0.27188460400557296,Qsox1
ENSMUSG00000038084,chol1,-0.016706448928457615,0.01511977232852131,-1.1049405087233533,0.2719759764342302,0.2719759764342302,Opa1
ENSMUSG00000050043,chol1,-0.011580916515270216,0.010487937034738186,-1.104213009375615,0.27228974287031205,0.27228974287031205,Tmx2
ENSMUSG00000020386,chol1,0.030463239811952727,0.02759817006932788,1.1038137577755214,0.2724620447886799,0.2724620447886799,Sar1b
ENSMUSG00000033105,chol1,0.044359131831136295,0.04020913444731699,1.103210313797148,0.27272261225265615,0.27272261225265615,Lss
ENSMUSG00000029614,chol1,-0.03164530028155434,0.028695628571181627,-1.102791674455077,0.27290348268366466,0.27290348268366466,Rpl6
ENSMUSG00000029472,chol1,0.010878131064826371,0.00986861055116248,1.102296114374984,0.2731176939335269,0.2731176939335269,Anapc5
ENSMUSG00000028618,chol1,-0.022682591462102105,0.020588226128061944,-1.1017263615142405,0.2733641201421685,0.2733641201421685,Tmem59
ENSMUSG00000015806,chol1,0.08065204561696557,0.07325165382079248,1.101026958575951,0.27366683293818744,0.27366683293818744,Qdpr
ENSMUSG00000021824,chol1,0.05628733048621935,0.05122709970083492,1.0987803489741965,0.2746407758684519,0.2746407758684519,Ap3m1
ENSMUSG00000046329,chol1,-0.08117056706933815,0.07389459219902907,-1.0984642401261493,0.274778007090581,0.274778007090581,Slc25a23
ENSMUSG00000029390,chol1,-0.029291163198181473,0.02667568268618207,-1.0980473693126593,0.2749590544629668,0.2749590544629668,Tmed2
ENSMUSG00000029512,chol1,-0.03289736531457451,0.030025782075556045,-1.0956372504067502,0.2760073930017463,0.2760073930017463,Ulk1
ENSMUSG00000002524,chol1,-0.006045574990744012,0.005526172681232309,-1.0939895185099209,0.2767257051181289,0.2767257051181289,Puf60
ENSMUSG00000034708,chol1,-0.048230037497524546,0.04409154554887394,-1.093861349089322,0.2767816334943284,0.2767816334943284,Grn
ENSMUSG00000025583,chol1,-0.008779026441997224,0.008026154678264542,-1.0938022993465997,0.27680740324275516,0.27680740324275516,Rptor
ENSMUSG00000025504,chol1,0.020984998277955268,0.019193616457444003,1.0933321672068996,0.2770126316775807,0.2770126316775807,Eps8l2
ENSMUSG00000005982,chol1,-0.017519980971405443,0.01605618591540677,-1.0911670470005013,0.2779591385265808,0.2779591385265808,Naa60
ENSMUSG00000021327,chol1,-0.014332737491497391,0.013165105943761314,-1.0886913901584967,0.2790441380484942,0.2790441380484942,Zkscan3
ENSMUSG00000038121,chol1,-0.038246263808646375,0.03517523005719474,-1.0873067140274038,0.27965227075750154,0.27965227075750154,Fam210a
ENSMUSG00000029106,chol1,0.0052809241783693915,0.0048605615566730586,1.0864843736253516,0.28001386536709366,0.28001386536709366,Add1
ENSMUSG00000086503,chol1,0.1864555262138251,0.17168462651385308,1.0860350748922774,0.2802115646018663,0.2802115646018663,Xist
ENSMUSG00000062070,chol1,-0.12730873020724803,0.11731579338365714,-1.0851798085779556,0.2805881627813651,0.2805881627813651,Pgk1
ENSMUSG00000066900,chol1,-0.012852035284697026,0.01185291832512302,-1.084292908477764,0.28097905886825975,0.28097905886825975,Suds3
ENSMUSG00000030516,chol1,0.007284279109014038,0.006719304025040623,1.0840823814293772,0.28107190257597636,0.28107190257597636,Tjp1
ENSMUSG00000004897,chol1,-0.016671498221988785,0.015395436877042059,-1.0828856858781066,0.281600054475994,0.281600054475994,Hdgf
ENSMUSG00000068762,chol1,0.042612932125605914,0.03942833974349869,1.0807691219773545,0.28253585676675963,0.28253585676675963,Gstm6
ENSMUSG00000007880,chol1,-0.007880429133553173,0.007291909852261275,-1.0807085239965486,0.2825626806191258,0.2825626806191258,Arid1a
ENSMUSG00000042476,chol1,-0.07369604777813171,0.06820002686743376,-1.0805867851251882,0.28261657394457623,0.28261657394457623,Abcb4
ENSMUSG00000035686,chol1,-0.42167330387201774,0.390252101769397,-1.0805151387017713,0.2826482948463447,0.2826482948463447,Thrsp
ENSMUSG00000015165,chol1,-0.010054231063965347,0.009306073887943822,-1.080394502024186,0.28270171134458816,0.28270171134458816,Hnrnpl
ENSMUSG00000020076,chol1,-0.008125553206877856,0.0075219758955461435,-1.0802418566229517,0.2827693108895133,0.2827693108895133,Ddx50
ENSMUSG00000001175,chol1,-0.019539343771794577,0.018117441078219918,-1.0784825344504094,0.28354923614932315,0.28354923614932315,Calm1
ENSMUSG00000059743,chol1,0.08989348726978408,0.08354614799818103,1.0759740505539674,0.28466382975876126,0.28466382975876126,Fdps
ENSMUSG00000022477,chol1,-0.0360466547989082,0.03356863546460439,-1.0738194835746808,0.2856235684929387,0.2856235684929387,Aco2
ENSMUSG00000034312,chol1,-0.009745951817187726,0.00907614817395808,-1.0737982270002482,0.28563304815980944,0.28563304815980944,Iqsec1
ENSMUSG00000068587,chol1,0.032638263662272606,0.03042021163942899,1.0729137604016108,0.2860276799333247,0.2860276799333247,Mgam
ENSMUSG00000047963,chol1,-0.03136774373390963,0.02927662981981818,-1.071426046200028,0.2866923128594727,0.2866923128594727,Stbd1
ENSMUSG00000040134,chol1,-0.18428819056147258,0.17206672148117028,-1.0710275001179688,0.2868705421863917,0.2868705421863917,Rdh7
ENSMUSG00000028964,chol1,0.019753571219465964,0.01845315368690283,1.0704712893323003,0.2871194059875308,0.2871194059875308,Park7
ENSMUSG00000031938,chol1,0.0856112842579278,0.07999026420943874,1.070271302439651,0.2872089217223993,0.2872089217223993,4931406C07Rik
ENSMUSG00000029004,chol1,-0.0064739435255422246,0.0060543131304750175,-1.0693109830997927,0.2876390348862971,0.2876390348862971,Kmt2e
ENSMUSG00000011382,chol1,-0.0806369352769478,0.0754117913078135,-1.06928815611615,0.28764926413121544,0.28764926413121544,Dhdh
ENSMUSG00000025075,chol1,-0.02967354810101512,0.02775756018855454,-1.0690258041213079,0.28776684740143443,0.28776684740143443,Habp2
ENSMUSG00000025155,chol1,-0.011826618592917256,0.011065278640671845,-1.0688044085439483,0.2878661000795999,0.2878661000795999,Dus1l
ENSMUSG00000029669,chol1,0.02931622092973198,0.027452620014196266,1.0678842644007023,0.2882788563360066,0.2882788563360066,Tspan12
ENSMUSG00000028452,chol1,-0.05082940981221093,0.04762839604721492,-1.0672080949739056,0.28858242921818905,0.28858242921818905,Vcp
ENSMUSG00000007892,chol1,-0.04819055979369892,0.04521677554988036,-1.0657672779107847,0.28923002809977205,0.28923002809977205,Rplp1
ENSMUSG00000018042,chol1,0.08223288674972665,0.07720947540947119,1.0650621094576074,0.289547339840375,0.289547339840375,Cyb5r3
ENSMUSG00000035504,chol1,-0.11808774687664125,0.11101803211982843,-1.0636807788952884,0.29016960100502553,0.29016960100502553,Reep6
ENSMUSG00000023977,chol1,-0.021212323253631343,0.019984531451053392,-1.0614371072739477,0.2911822766284446,0.2911822766284446,Ubr2
ENSMUSG00000029649,chol1,0.011290304199206158,0.01064122165368115,1.0609969951429843,0.29138120302185727,0.29138120302185727,Pomp
ENSMUSG00000020300,chol1,0.021713507288554416,0.020466942626209635,1.0609062469715653,0.2914222318495237,0.2914222318495237,Cpeb4
ENSMUSG00000023921,chol1,0.038865738068382415,0.036662913282903144,1.0600831900204315,0.29179453037794023,0.29179453037794023,Mmut
ENSMUSG00000020432,chol1,-0.034028163439267914,0.03210675137890008,-1.0598444868399406,0.29190256520113744,0.29190256520113744,Tcn2
ENSMUSG00000028121,chol1,-0.01000277752903798,0.009438604382646891,-1.0597729413713255,0.2919349513274151,0.2919349513274151,Bcar3
ENSMUSG00000071204,chol1,-0.05571845381906471,0.052590003228511296,-1.0594875527381096,0.2920641611633096,0.2920641611633096,Gm10319
ENSMUSG00000070730,chol1,-0.010140468568378087,0.009574081317188845,-1.0591583915390794,0.29221323751084616,0.29221323751084616,Rmdn3
ENSMUSG00000028552,chol1,0.009719303260691729,0.009179449319889415,1.0588111467245203,0.29237056015905344,0.29237056015905344,Eps15
ENSMUSG00000042305,chol1,-0.015276984226070052,0.014438134213920937,-1.0580996131300895,0.292693107892881,0.292693107892881,Tmem183a
ENSMUSG00000031584,chol1,-0.010161598186686844,0.009606581695412163,-1.057774607958598,0.29284051782267384,0.29284051782267384,Gsr
ENSMUSG00000000056,chol1,-0.02135756326361923,0.020192173753594073,-1.0577149109475015,0.2928675996094524,0.2928675996094524,Narf
ENSMUSG00000054408,chol1,0.01849785368646732,0.01749001076363107,1.0576239166720223,0.2929088828106476,0.2929088828106476,Spcs3
ENSMUSG00000028684,chol1,-0.00715510564744578,0.00676902514053513,-1.0570363529304498,0.293175550201059,0.293175550201059,Urod
ENSMUSG00000036833,chol1,-0.02239088900560519,0.021194941101695994,-1.0564261017839534,0.29345268950875175,0.29345268950875175,Pnpla7
ENSMUSG00000058655,chol1,0.042686516518714294,0.04042178393193308,1.056027526904672,0.29363379457649197,0.29363379457649197,Eif4b
ENSMUSG00000040370,chol1,-0.011494451787051978,0.010885965138985943,-1.0558964354834153,0.2936933767405524,0.2936933767405524,Etfrf1
ENSMUSG00000028527,chol1,-0.05721950844232441,0.0542096020611485,-1.0555234915353322,0.2938629279876557,0.2938629279876557,Ak4
ENSMUSG00000009378,chol1,0.029383340766826523,0.027855022008785174,1.054866901830461,0.294161594940831,0.294161594940831,Slc16a12
ENSMUSG00000082286,chol1,-0.014793835079773717,0.0140445460529451,-1.0533508896623607,0.2948519822046109,0.2948519822046109,NA
ENSMUSG00000009741,chol1,-0.008003038074409542,0.007599375016150776,-1.0531179284350185,0.2949581697137532,0.2949581697137532,Ubp1
ENSMUSG00000073725,chol1,-0.010246187522063703,0.00973152052963872,-1.0528865957645048,0.2950636406531982,0.2950636406531982,Lmbrd1
ENSMUSG00000025702,chol1,-0.027212889634151593,0.025854174880037682,-1.0525530116671018,0.29521577602166005,0.29521577602166005,Marchf8
ENSMUSG00000038172,chol1,-0.01585791374277817,0.015094141841862235,-1.0506005514535237,0.29610729125142127,0.29610729125142127,Ttc39b
ENSMUSG00000027189,chol1,-0.01722654019682971,0.016409635327875795,-1.049782024562496,0.2964815837830005,0.2964815837830005,Trim44
ENSMUSG00000039145,chol1,0.053675008308865936,0.05118684743494748,1.0486093791394482,0.29701836623139743,0.29701836623139743,Camk1d
ENSMUSG00000028906,chol1,0.024007466054192763,0.022917604075746507,1.047555668334442,0.2975012687414568,0.2975012687414568,Epb41
ENSMUSG00000069456,chol1,0.06151244616457576,0.05875373081996937,1.0469538752025727,0.29777730205356995,0.29777730205356995,Rdh16
ENSMUSG00000069917,chol1,0.1628349538492004,0.1556530370959241,1.0461405500803067,0.29815063802531655,0.29815063802531655,Hba-a2
ENSMUSG00000008730,chol1,-0.023472057369921032,0.022449534994108643,-1.045547597136454,0.2984230179157239,0.2984230179157239,Hipk1
ENSMUSG00000040033,chol1,0.014006410053297265,0.013407401471335106,1.0446774554519631,0.2988230332320157,0.2988230332320157,Stat2
ENSMUSG00000031967,chol1,0.01046785459054081,0.010030300073321443,1.0436232728852421,0.29930814138511924,0.29930814138511924,Afg3l1
ENSMUSG00000068083,chol1,0.040591088461439065,0.0389470812910586,1.0422113061077543,0.29995872861890993,0.29995872861890993,Cyp2d40
ENSMUSG00000054469,chol1,0.011350985784520538,0.010892874869611525,1.0420560155507734,0.300030339757676,0.300030339757676,Lclat1
ENSMUSG00000031231,chol1,-0.017673575223220057,0.01697185916269672,-1.0413458569150558,0.30035797192806113,0.30035797192806113,Cox7b
ENSMUSG00000025479,chol1,2.0603718846918837,1.9788009117787941,1.041222425372628,0.3004149418569835,0.3004149418569835,Cyp2e1
ENSMUSG00000032081,chol1,0.23298898657666092,0.22393523496065112,1.0404302235760294,0.30078075740101395,0.30078075740101395,Apoc3
ENSMUSG00000055447,chol1,0.018420578090424564,0.017711392345663296,1.0400412192853328,0.3009604984967802,0.3009604984967802,Cd47
ENSMUSG00000078650,chol1,-0.26250232622415864,0.2524693657647695,-1.0397393181901404,0.30110004327436485,0.30110004327436485,G6pc
ENSMUSG00000005312,chol1,-0.021710083519170635,0.020891994141431783,-1.0391580321246818,0.3013688487019912,0.3013688487019912,Ubqln1
ENSMUSG00000022982,chol1,-0.11103130027294397,0.1068599813168516,-1.039035370441662,0.3014255921564118,0.3014255921564118,Sod1
ENSMUSG00000079111,chol1,0.01433763645052136,0.013810178911660084,1.0381933892555106,0.30181528880400804,0.30181528880400804,Kdelr2
ENSMUSG00000037348,chol1,-0.019640801138271602,0.01892299123708664,-1.0379332153247605,0.3019357747419985,0.3019357747419985,Paqr7
ENSMUSG00000050103,chol1,0.02223379840022044,0.021435450661214384,1.0372442712599739,0.3022549801723768,0.3022549801723768,Agmo
ENSMUSG00000023150,chol1,0.02843858818160682,0.027431799531587836,1.0367015167510123,0.3025066128039375,0.3025066128039375,Ivns1abp
ENSMUSG00000060407,chol1,-0.17904297995539895,0.17290500762926558,-1.0354991009820496,0.30306458259311375,0.30306458259311375,Cyp2a12
ENSMUSG00000053012,chol1,-0.0068284570048475456,0.006596151293418562,-1.0352183722136228,0.3031949521697655,0.3031949521697655,Krcc1
ENSMUSG00000029656,chol1,-0.15978272776194422,0.15437953482371905,-1.0349994119647716,0.3032966629200853,0.3032966629200853,C8b
ENSMUSG00000041058,chol1,0.01798446009591789,0.017390156134029333,1.0341747341029108,0.30367994654465946,0.30367994654465946,Wwp1
ENSMUSG00000018761,chol1,0.008340348584909724,0.008065376130384645,1.034092948683345,0.3037179755761131,0.3037179755761131,Mpdu1
ENSMUSG00000024949,chol1,-0.010323079920097117,0.00998386395815905,-1.0339764206883901,0.3037721649522742,0.3037721649522742,Sf1
ENSMUSG00000022707,chol1,0.04200249067943275,0.04065478844097893,1.0331499016508316,0.30415671094486957,0.30415671094486957,Gbe1
ENSMUSG00000069520,chol1,-0.04010867010788601,0.03883005631915767,-1.0329284556844054,0.3042597965861044,0.3042597965861044,Tmem19
ENSMUSG00000021999,chol1,-0.09662936478074059,0.09364199790137885,-1.0319019985296336,0.3047379319693074,0.3047379319693074,Cpb2
ENSMUSG00000060657,chol1,-0.017836436960246605,0.01729208418347376,-1.0314798824130806,0.3049347053767173,0.3049347053767173,Marf1
ENSMUSG00000027618,chol1,-0.007564017960926794,0.007335014221356533,-1.031220626526326,0.3050556024029421,0.3050556024029421,Nfs1
ENSMUSG00000067225,chol1,0.2962379625196958,0.287400197932208,1.0307507254729604,0.30527481049020244,0.30527481049020244,Cyp2c54
ENSMUSG00000031596,chol1,-0.24456243484213167,0.2374391566782154,-1.0300004357477142,0.30562503946004976,0.30562503946004976,Slc7a2
ENSMUSG00000005069,chol1,-0.018277325965851868,0.01775715965156575,-1.0292933286906756,0.30595535879821545,0.30595535879821545,Pex5
ENSMUSG00000060126,chol1,0.10364575193084279,0.10079659582958612,1.0282663921118294,0.3064355119191262,0.3064355119191262,Tpt1
ENSMUSG00000030541,chol1,-0.027371364117753413,0.026620516120950684,-1.0282056137976905,0.3064639452384232,0.3064639452384232,Idh2
ENSMUSG00000032079,chol1,-0.31706131004554794,0.3083725656477065,-1.0281761264319722,0.3064777406617141,0.3064777406617141,Apoa5
ENSMUSG00000002992,chol1,-0.05835715156576914,0.05679824774611692,-1.0274463364894704,0.30681930012353387,0.30681930012353387,Apoc2
ENSMUSG00000023175,chol1,-0.04183373089606601,0.04073007897153804,-1.0270967293065942,0.3069830155095532,0.3069830155095532,Bsg
ENSMUSG00000017221,chol1,-0.012341749984932104,0.012042024406885187,-1.0248899659990345,0.3080177632402043,0.3080177632402043,Psmd3
ENSMUSG00000044792,chol1,0.00805797069940847,0.007862543920427708,1.0248554133316856,0.3080339835485935,0.3080339835485935,Isca1
ENSMUSG00000028715,chol1,-0.2996856497705376,0.29243338516101947,-1.024799715003555,0.3080601316259757,0.3080601316259757,Cyp4a14
ENSMUSG00000042605,chol1,0.010745929731963718,0.010489457730220206,1.0244504538117938,0.30822412941653954,0.30822412941653954,Atxn2
ENSMUSG00000013662,chol1,0.006213827588879037,0.006069165455506387,1.0238355890003628,0.3085129855922242,0.3085129855922242,Atad1
ENSMUSG00000079563,chol1,-0.023809683574276076,0.023266715740323886,-1.0233366771663077,0.30874750204896295,0.30874750204896295,Pglyrp2
ENSMUSG00000053644,chol1,-0.09366778377145006,0.09161466982274634,-1.0224103187041556,0.30918325979947253,0.30918325979947253,Aldh7a1
ENSMUSG00000045302,chol1,-0.016350509811349917,0.015995259172670973,-1.0222097457030215,0.3092776634173928,0.3092776634173928,Preb
ENSMUSG00000020483,chol1,-0.029632405653472946,0.029003012725405817,-1.0217009499677183,0.3095172249052571,0.3095172249052571,Dynll2
ENSMUSG00000030762,chol1,0.08181401826228465,0.0800768705400648,1.021693501637913,0.3095207328030622,0.3095207328030622,Aqp8
ENSMUSG00000031844,chol1,-0.07682102177525589,0.07519564375111007,-1.021615321620567,0.3095575544140004,0.3095575544140004,Hsd17b2
ENSMUSG00000037260,chol1,0.010563553912916204,0.010340174136868682,1.0216030961462288,0.3095633126941163,0.3095633126941163,Hgsnat
ENSMUSG00000006498,chol1,0.01390042388131665,0.013607267608802825,1.0215440954746988,0.3095911034153119,0.3095911034153119,Ptbp1
ENSMUSG00000062963,chol1,-0.006246127250497238,0.006118427603493645,-1.0208713178089541,0.3099081161134162,0.3099081161134162,Ufc1
ENSMUSG00000026368,chol1,-0.03306781877200986,0.03242083460088203,-1.0199558148052805,0.31033985063932173,0.31033985063932173,F13b
ENSMUSG00000024474,chol1,0.006615096994170875,0.006486621809682836,1.019806177738967,0.3104104550843172,0.3104104550843172,Ik
ENSMUSG00000020715,chol1,-0.02179510547524132,0.021398342958073625,-1.0185417402620887,0.311007494700694,0.311007494700694,Ern1
ENSMUSG00000045482,chol1,-0.009248252641186136,0.009082261528296491,-1.0182764075194803,0.3111328766243049,0.3111328766243049,Trrap
ENSMUSG00000025613,chol1,-0.015383499237995238,0.015120321686591935,-1.0174055523988408,0.31154463371729063,0.31154463371729063,Cct8
ENSMUSG00000015837,chol1,0.06004326099310318,0.05903439152146645,1.0170895209662638,0.3116941496975698,0.3116941496975698,Sqstm1
ENSMUSG00000019977,chol1,-0.010945545802085385,0.01077010038762724,-1.0162900444883223,0.31207260036526663,0.31207260036526663,Hbs1l
ENSMUSG00000037242,chol1,-0.013279753230986475,0.013081498029986044,-1.0151553897379322,0.31261024333844767,0.31261024333844767,Clic4
ENSMUSG00000001794,chol1,-0.013018406161476148,0.012831999898709883,-1.0145266727117888,0.3129084203084886,0.3129084203084886,Capns1
ENSMUSG00000041236,chol1,0.011870353320532817,0.01170313214727074,1.0142885828475476,0.31302138707595073,0.31302138707595073,Vps41
ENSMUSG00000026542,chol1,-0.28266731653765675,0.2786952783733753,-1.014252262139009,0.3130386226014785,0.3130386226014785,Apcs
ENSMUSG00000028961,chol1,0.010313403879766838,0.010174446157141227,1.0136575220389838,0.3133209391693653,0.3133209391693653,Pgd
ENSMUSG00000032207,chol1,0.04006626660696915,0.03955374817588563,1.0129575186858266,0.3136534410955656,0.3136534410955656,Lipc
ENSMUSG00000071711,chol1,-0.015801680199068354,0.0156261467444751,-1.0112333166623637,0.31447344354820117,0.31447344354820117,Mpst
ENSMUSG00000034602,chol1,-0.008876973420239185,0.008781292761093516,-1.0108959650644598,0.31463404982151744,0.31463404982151744,Mon2
ENSMUSG00000061740,chol1,0.07345075205999606,0.07268357280518853,1.0105550570121777,0.3147964048879263,0.3147964048879263,Cyp2d22
ENSMUSG00000069874,chol1,0.030340104097605475,0.03003057823952268,1.0103070229155773,0.3149145645346388,0.3149145645346388,Irgm2
ENSMUSG00000065979,chol1,-0.012512919812985935,0.012400528778737221,-1.009063406589679,0.31550745069137004,0.31550745069137004,Cpped1
ENSMUSG00000059070,chol1,-0.01830814944765418,0.01814873106393523,-1.0087839961459202,0.31564076024144433,0.31564076024144433,Rpl18
ENSMUSG00000052337,chol1,-0.015184653955106266,0.015054685853113625,-1.0086330663595853,0.31571278599959923,0.31571278599959923,Immt
ENSMUSG00000020919,chol1,-0.014061072532525106,0.013943298085847294,-1.0084466706479835,0.3158017517129176,0.3158017517129176,Stat5b
ENSMUSG00000057036,chol1,-0.029610861883400355,0.029378212901267808,-1.0079190991948495,0.31605364949399334,0.31605364949399334,Gm7536
ENSMUSG00000035836,chol1,0.272835511490343,0.2708134632059474,1.0074665722318905,0.3162698227651221,0.3162698227651221,Ugt2b1
ENSMUSG00000008683,chol1,-0.01145601200265193,0.011377022637891117,-1.0069428854345195,0.31652011229721416,0.31652011229721416,Rps15a
ENSMUSG00000049404,chol1,0.03691311569557692,0.036729794942670944,1.0049910638813015,0.3174541237217559,0.3174541237217559,Rarres1
ENSMUSG00000037049,chol1,-0.01585976511309527,0.01578294488374698,-1.0048672937727483,0.3175134136550174,0.3175134136550174,Smpd1
ENSMUSG00000024966,chol1,-0.021647122161854982,0.021577145128734928,-1.00324310897955,0.3182921346143373,0.3182921346143373,Stip1
ENSMUSG00000027206,chol1,0.007391601286367431,0.007371133892392434,1.0027766954547008,0.3185159928599165,0.3185159928599165,Cops2
ENSMUSG00000032602,chol1,-0.021434546930024702,0.021381965569326214,-1.0024591453263736,0.3186684630555192,0.3186684630555192,Slc25a20
ENSMUSG00000036093,chol1,-0.029322046865448027,0.02926338456529459,-1.002004631419942,0.31888678022403927,0.31888678022403927,Arl5a
ENSMUSG00000027447,chol1,0.026543843130332923,0.026499621151950703,1.0016687777583178,0.31904816507667133,0.31904816507667133,Cst3
ENSMUSG00000009090,chol1,0.009457152426791555,0.009445672668764952,1.0012153457386432,0.31926613498118633,0.31926613498118633,Ap1b1
ENSMUSG00000038845,chol1,-0.013952538767532562,0.013936734988793198,-1.0011339656492049,0.3193052657871763,0.3193052657871763,Phb
ENSMUSG00000061959,chol1,0.1234860623294098,0.12344830462278147,1.000305858446122,0.3197036341757254,0.3197036341757254,Ces1e
ENSMUSG00000030884,chol1,-0.03288134435728981,0.032881125976447774,-1.000006641525664,0.3198476563474946,0.3198476563474946,Uqcrc2
ENSMUSG00000031010,chol1,0.0268196636416081,0.02682011496849204,0.9999831720749718,0.3198589547282725,0.3198589547282725,Usp9x
ENSMUSG00000038459,chol1,-0.01043976550055536,0.010450119083621385,-0.9990092377911508,0.3203280482831546,0.3203280482831546,Abhd17c
ENSMUSG00000089991,chol1,-0.0950786172841632,0.09520442392543797,-0.9986785630741981,0.32048742095895427,0.32048742095895427,NA
ENSMUSG00000052914,chol1,0.023208958205973795,0.023255369939131135,0.998004257370284,0.32081257386159173,0.32081257386159173,Cyp2j6
ENSMUSG00000059447,chol1,-0.044657093274554145,0.044764498264694315,-0.9976006658333334,0.32100729202881817,0.32100729202881817,Hadhb
ENSMUSG00000010651,chol1,-0.4765266768410811,0.47769441505760807,-0.997555470234279,0.3210291021361073,0.3210291021361073,Acaa1b
ENSMUSG00000025794,chol1,-0.015129586364849614,0.015178953847458891,-0.99674763602911,0.32141910576500515,0.32141910576500515,Rpl14
ENSMUSG00000028024,chol1,0.03374204333525629,0.033911505051053226,0.9950028252788599,0.32226253207849376,0.32226253207849376,Enpep
ENSMUSG00000038965,chol1,-0.0075849423115006784,0.007626027467308636,-0.9946125088082777,0.32245140826994634,0.32245140826994634,Ube2l3
ENSMUSG00000052310,chol1,0.011679141603740313,0.011746253543343427,0.9942865238388161,0.3226092103195074,0.3226092103195074,Slc39a1
ENSMUSG00000021474,chol1,-0.025633975684728035,0.025797990109170877,-0.993642356487898,0.3229211877979069,0.3229211877979069,Sfxn1
ENSMUSG00000020198,chol1,-0.0072602273960100045,0.0073068746503746245,-0.9936159772000156,0.32293396784118367,0.32293396784118367,Ap3d1
ENSMUSG00000029405,chol1,0.014598453173297957,0.014708803141711009,0.9924976922085439,0.32347605446818295,0.32347605446818295,G3bp2
ENSMUSG00000026879,chol1,-0.4195299228523949,0.42272288285787,-0.9924466828389116,0.3235007955259631,0.3235007955259631,Gsn
ENSMUSG00000067144,chol1,-0.03884212280762169,0.03914222077910069,-0.9923331388586099,0.32355587222314564,0.32355587222314564,Slc22a7
ENSMUSG00000041028,chol1,-0.0526725807854245,0.05314603823370722,-0.9910913877305263,0.324158612682948,0.324158612682948,Ghitm
ENSMUSG00000059981,chol1,-0.0058468505523458555,0.005900094963870083,-0.9909756687222364,0.32421481998828083,0.32421481998828083,Taok2
ENSMUSG00000042251,chol1,0.18725503801413787,0.18910701350950135,0.9902067328916364,0.3245884730387181,0.3245884730387181,Pm20d1
ENSMUSG00000022562,chol1,-0.027603877011563485,0.02789565396294251,-0.9895404154436878,0.3249124904134405,0.3249124904134405,Oplah
ENSMUSG00000039197,chol1,0.0815776743355059,0.08248075307253262,0.9890510367160135,0.3251506020372831,0.3251506020372831,Adk
ENSMUSG00000061315,chol1,-0.02486925392410949,0.02516017376949362,-0.9884372879118639,0.3254493900247545,0.3254493900247545,Naca
ENSMUSG00000016933,chol1,-0.011768334954925493,0.011909045366617332,-0.9881845767347339,0.32557246874160184,0.32557246874160184,Plcg1
ENSMUSG00000009281,chol1,-0.08236384059031686,0.08336312503306038,-0.9880128720900611,0.3256561121358651,0.3256561121358651,Rarres2
ENSMUSG00000029505,chol1,-0.007176422925581837,0.007281838797210801,-0.9855234543685116,0.3268703901271627,0.3268703901271627,Ep400
ENSMUSG00000027690,chol1,-0.08708239299644394,0.08836664011641822,-0.9854668332044496,0.32689804326990746,0.32689804326990746,Slc2a2
ENSMUSG00000054766,chol1,-0.01128877558312741,0.011456700839816541,-0.9853426166016725,0.32695871467570503,0.32695871467570503,Set
ENSMUSG00000025197,chol1,-0.1887198244805881,0.19160274492428614,-0.9849536579194769,0.3271487427239925,0.3271487427239925,Cyp2c23
ENSMUSG00000021290,chol1,-0.007246499771829066,0.007365206258322731,-0.9838828021469832,0.32767229191032343,0.32767229191032343,Atp5mpl
ENSMUSG00000000399,chol1,-0.013453034372013306,0.013674130830872386,-0.9838310411393824,0.327697612231719,0.327697612231719,Ndufa9
ENSMUSG00000022347,chol1,-1.0686466063663984,1.0873225270702338,-0.9828239365607947,0.32819052185373465,0.32819052185373465,A1bg
ENSMUSG00000031862,chol1,-0.005670112664778177,0.005773613249768739,-0.9820735160958853,0.3285581194295879,0.3285581194295879,Atp13a1
ENSMUSG00000024712,chol1,-0.015418490412515834,0.01571031805088412,-0.9814244601908703,0.3288762816710872,0.3288762816710872,Rfk
ENSMUSG00000022426,chol1,-0.006407604721846714,0.006542342383157886,-0.9794052873695467,0.3298673616028893,0.3298673616028893,Josd1
ENSMUSG00000002102,chol1,-0.009666582343875121,0.009872445922055023,-0.979147662108738,0.32999395418951016,0.32999395418951016,Psmc3
ENSMUSG00000028573,chol1,0.01798692494467932,0.018373811272676403,0.9789435995474483,0.33009424967153034,0.33009424967153034,Fggy
ENSMUSG00000024747,chol1,0.3307037855279358,0.33789212364011473,0.9787259376313987,0.33020125124672683,0.33020125124672683,Aldh1a7
ENSMUSG00000035372,chol1,0.02088914892243049,0.02140008437607237,0.9761246056481364,0.3314818188782661,0.3314818188782661,1810055G02Rik
ENSMUSG00000024393,chol1,-0.01594823516243185,0.016339985995978266,-0.9760250202391338,0.3315309069066411,0.3315309069066411,Prrc2a
ENSMUSG00000062980,chol1,0.008971385040597206,0.009192956333744605,0.9758977106924704,0.33159366777748434,0.33159366777748434,Cped1
ENSMUSG00000025781,chol1,-0.02366948988729214,0.02427649770535702,-0.9749960712854008,0.3320383799200024,0.3320383799200024,Atp5c1
ENSMUSG00000069324,chol1,0.22873811229453853,0.23470060029426798,0.9745953440585423,0.33223615467945655,0.33223615467945655,Gm5096
ENSMUSG00000044285,chol1,0.09942619841399672,0.10202329023230586,0.9745441279888584,0.3322614374093694,0.3322614374093694,Ubb-ps
ENSMUSG00000038521,chol1,0.08257070681327004,0.08477791545035342,0.9739648158915168,0.3325475017994809,0.3325475017994809,C1s1
ENSMUSG00000081094,chol1,0.1131580835794422,0.11626750888156781,0.9732562834446472,0.33289759482022485,0.33289759482022485,Rpl19-ps11
ENSMUSG00000024424,chol1,-0.07517820016187199,0.0772643598106111,-0.9729997161194027,0.3330244269122806,0.3330244269122806,Ttc39c
ENSMUSG00000024527,chol1,-0.01037889121843276,0.01067551306068855,-0.9722147459733743,0.33341266764896105,0.33341266764896105,Afg3l2
ENSMUSG00000018593,chol1,-0.011993541944705144,0.012346909765221632,-0.9713800596881461,0.33382582298170005,0.33382582298170005,Sparc
ENSMUSG00000021140,chol1,0.010656382414478948,0.010995296115119735,0.9691764826438151,0.3349181667753517,0.3349181667753517,Pcnx
ENSMUSG00000031886,chol1,0.08765619854315011,0.09074586113345272,0.9659525784238371,0.3365205112780516,0.3365205112780516,Ces2e
ENSMUSG00000032786,chol1,-0.20712194802007908,0.21448135181985575,-0.965687442114045,0.336652511870393,0.336652511870393,Alas1
ENSMUSG00000045983,chol1,-0.06918171971999551,0.07164289717469267,-0.9656465951021512,0.33667285094441557,0.33667285094441557,Eif4g1
ENSMUSG00000025736,chol1,-0.006923276706761606,0.007171330642806672,-0.9654103333955351,0.33679050918938247,0.33679050918938247,Jmjd8
ENSMUSG00000001445,chol1,-0.006760479072851095,0.007004184846981839,-0.9652056906756595,0.3368924428977873,0.3368924428977873,Mrpl10
ENSMUSG00000030036,chol1,-0.008186163112079304,0.008482115888422397,-0.9651086143792198,0.3369408042024963,0.3369408042024963,Mogs
ENSMUSG00000036585,chol1,0.025998888377058934,0.026968853198264524,0.9640338870149655,0.33747651303355486,0.33747651303355486,Fgf1
ENSMUSG00000068823,chol1,0.01714225992543544,0.017785213632870753,0.9638489747321898,0.3375687404840637,0.3375687404840637,Csde1
ENSMUSG00000024026,chol1,0.27248669431983474,0.282744444323907,0.9637207725562906,0.3376326926743287,0.3376326926743287,Glo1
ENSMUSG00000025016,chol1,-0.02168722591505149,0.02250894748004239,-0.9634935589183155,0.33774605502766253,0.33774605502766253,Tm9sf3
ENSMUSG00000033318,chol1,-0.02441341274829733,0.02537114078842692,-0.9622512819539254,0.33836629604804813,0.33836629604804813,Gstt2
ENSMUSG00000022887,chol1,-0.016836958653705436,0.017500042243385146,-0.9621096006250871,0.33843708152440866,0.33843708152440866,Masp1
ENSMUSG00000012535,chol1,0.00537916459303778,0.005591366057808034,0.9620483683993599,0.3384676767746566,0.3384676767746566,Tnpo3
ENSMUSG00000048087,chol1,0.5965145766352965,0.6206936222613975,0.9610451199127703,0.3389692160774941,0.3389692160774941,Ahcyl
ENSMUSG00000075010,chol1,0.01923330533575569,0.020020320440397893,0.960689185421122,0.33914726955207,0.33914726955207,AW112010
ENSMUSG00000029020,chol1,-0.022827585434945438,0.023767225963650968,-0.9604648632472887,0.339259516290924,0.339259516290924,Mfn2
ENSMUSG00000036918,chol1,0.012322365400676752,0.0128324270481489,0.9602521295809178,0.3393659867139396,0.3393659867139396,Ttc7
ENSMUSG00000020869,chol1,0.023963593692150065,0.024970475643494233,0.9596771016411736,0.33965388964102516,0.33965388964102516,Lrrc59
ENSMUSG00000036391,chol1,0.028828869391515462,0.03008648401601525,0.9582000135399554,0.3403941618195273,0.3403941618195273,Sec24a
ENSMUSG00000031422,chol1,0.02069540308762622,0.021599714325647147,0.9581331852640679,0.3404276789570141,0.3404276789570141,Morf4l2
ENSMUSG00000024608,chol1,-0.022147011434377136,0.023117676905373526,-0.958011980400558,0.34048847367737256,0.34048847367737256,Rps14
ENSMUSG00000053119,chol1,-0.006333108850449031,0.006617869084057026,-0.9569710083425487,0.341010902112304,0.341010902112304,Chmp3
ENSMUSG00000029840,chol1,-0.010185619720856536,0.010652001198906162,-0.9562165390952531,0.341389870279761,0.341389870279761,Mtpn
ENSMUSG00000036503,chol1,0.025437081134138676,0.02661092763323081,0.9558885539327733,0.34155470184138115,0.34155470184138115,Rnf13
ENSMUSG00000031485,chol1,-0.010433218415546607,0.010918827964901491,-0.9555254876332997,0.3417372240363169,0.3417372240363169,Plpbp
ENSMUSG00000002010,chol1,-0.005930502363506431,0.006209405467426727,-0.9550837668141717,0.341959373232391,0.341959373232391,Idh3g
ENSMUSG00000044627,chol1,0.008884554851430585,0.009332189349572152,0.9520332816476672,0.3434960772342336,0.3434960772342336,Swi5
ENSMUSG00000043940,chol1,0.015309389018520587,0.016114951777079646,0.9500114694910342,0.344517044974072,0.344517044974072,Wdfy3
ENSMUSG00000022403,chol1,-0.019912395880868926,0.020970432506887047,-0.949546265883136,0.3447522399692411,0.3447522399692411,St13
ENSMUSG00000074129,chol1,-0.03653889974255432,0.03848571154737685,-0.9494146859562164,0.34481878227280927,0.34481878227280927,Rpl13a
ENSMUSG00000032220,chol1,0.01733896384567036,0.01828472881090481,0.9482756908776024,0.3453951400828055,0.3453951400828055,Myo1e
ENSMUSG00000028521,chol1,0.019803810841993768,0.020886654997784464,0.9481561716844771,0.34545565570147807,0.34545565570147807,Slc35d1
ENSMUSG00000019804,chol1,-0.006400144221248305,0.00675988833554368,-0.9467825359771359,0.34615165538598525,0.34615165538598525,Snx3
ENSMUSG00000091896,chol1,-0.00568659474259735,0.006010182815101178,-0.9461600283287921,0.34646736883146845,0.34646736883146845,Ube2d2a
ENSMUSG00000038403,chol1,0.01348488238434317,0.014261316396436553,0.9455566379350935,0.3467735644151496,0.3467735644151496,Hjv
ENSMUSG00000027177,chol1,0.0157826352020389,0.016698681762772342,0.9451425822860068,0.34698378168596544,0.34698378168596544,Hipk3
ENSMUSG00000062762,chol1,-0.03332869348464365,0.03527002095454254,-0.9449581424292048,0.3470774488631254,0.3470774488631254,Ei24
ENSMUSG00000021252,chol1,0.01742507146485737,0.018447068321248806,0.9445984132224297,0.347260183189265,0.347260183189265,Erg28
ENSMUSG00000006932,chol1,-0.031195021224201595,0.0330582372059708,-0.9436383746005464,0.3477481655325474,0.3477481655325474,Ctnnb1
ENSMUSG00000015305,chol1,-0.008054548996478422,0.008535678773935186,-0.9436330970038426,0.3477508493296595,0.3477508493296595,Sash1
ENSMUSG00000037646,chol1,0.011671570332612926,0.012382408182670534,0.9425929238019756,0.3482800660389439,0.3482800660389439,Vps13b
ENSMUSG00000032083,chol1,1.4102534496000536,1.4962272459818158,0.9425396131418883,0.34830720330438203,0.34830720330438203,Apoa1
ENSMUSG00000078899,chol1,0.06257504701182183,0.06639772821691955,0.9424275301617379,0.34836426249178565,0.34836426249178565,Gm14430
ENSMUSG00000057841,chol1,-0.016043599977613426,0.017034706607310338,-0.9418183915611682,0.3486744681970715,0.3486744681970715,Rpl32
ENSMUSG00000028553,chol1,0.1326229053478099,0.14085537882207325,0.9415537159950242,0.34880931058792264,0.34880931058792264,Angptl3
ENSMUSG00000024571,chol1,-0.00787799618567084,0.00836901985888755,-0.9413284134228379,0.34892412040948184,0.34892412040948184,Txnl4a
ENSMUSG00000017478,chol1,-0.005591869279582571,0.0059405243819241815,-0.9413090360503362,0.34893399588135743,0.34893399588135743,Zc3h18
ENSMUSG00000020593,chol1,-0.11439521887188844,0.12155265166320739,-0.9411166050811426,0.349032076067029,0.349032076067029,Lpin1
ENSMUSG00000020857,chol1,0.026315465124288475,0.02800069017021074,0.9398148747163692,0.3496960223874911,0.3496960223874911,Nme2
ENSMUSG00000023176,chol1,-0.07240759572416293,0.07720249034202191,-0.9378919695904021,0.3506782871364946,0.3506782871364946,Cpn2
ENSMUSG00000078429,chol1,-0.010471517681094543,0.011174654133212029,-0.9370775646623636,0.35109483934739527,0.35109483934739527,Ctdsp2
ENSMUSG00000073481,chol1,-0.06881250574732431,0.07343851780814359,-0.9370083683755079,0.3511302465735374,0.3511302465735374,Mtarc2
ENSMUSG00000036371,chol1,-0.010505884356084403,0.011217108610457565,-0.9365946894986739,0.35134197093213526,0.35134197093213526,Serbp1
ENSMUSG00000053303,chol1,0.060897195262655406,0.06502474997751989,0.9365233281744036,0.3513785025716498,0.3513785025716498,Slc22a26
ENSMUSG00000030447,chol1,0.005190815818703118,0.005543516312874444,0.9363760338628023,0.3514539139294466,0.3514539139294466,Cyfip1
ENSMUSG00000013787,chol1,-0.008528612161080073,0.009127511170849298,-0.9343852887650316,0.35247415196811993,0.35247415196811993,Ehmt2
ENSMUSG00000001924,chol1,-0.018702169604188097,0.020047628692016525,-0.9328868711358255,0.353243331486089,0.353243331486089,Uba1
ENSMUSG00000024091,chol1,0.0060272596240776195,0.00646768070626419,0.9319043251841411,0.3537482845792266,0.3537482845792266,Vapa
ENSMUSG00000022234,chol1,-0.013642360622002562,0.01465413805538435,-0.9309561961571644,0.354235989167048,0.354235989167048,Cct5
ENSMUSG00000025503,chol1,-0.010639598548316247,0.011428978556329053,-0.9309317097654655,0.35424859034465084,0.35424859034465084,Taldo1
ENSMUSG00000030168,chol1,-0.18472958042379517,0.1984670039568197,-0.9307823302657736,0.35432547019606075,0.35432547019606075,Adipor2
ENSMUSG00000012422,chol1,0.010752612169690251,0.011556569010726587,0.9304329130652775,0.354505343521902,0.354505343521902,Tmem167
ENSMUSG00000036606,chol1,-0.032935100868771584,0.03540181283453313,-0.9303224392126225,0.35456222554545547,0.35456222554545547,Plxnb2
ENSMUSG00000000001,chol1,-0.011631312843870803,0.012510431558792681,-0.9297291455702015,0.3548678074168299,0.3548678074168299,Gnai3
ENSMUSG00000024456,chol1,0.011226174434523551,0.012077860759348143,0.9294836774661941,0.3549942876191068,0.3549942876191068,Diaph1
ENSMUSG00000053907,chol1,0.01545937072179507,0.016635333946770366,0.9293093106072812,0.355084149661844,0.355084149661844,Mat2a
ENSMUSG00000030671,chol1,-0.017368622665553092,0.01869888240095931,-0.9288588640282602,0.3553163601817314,0.3553163601817314,Pde3b
ENSMUSG00000029247,chol1,-0.04292182924204201,0.04621510862434282,-0.9287402003299384,0.35537754891201134,0.35537754891201134,Paics
ENSMUSG00000017760,chol1,0.022692116651311735,0.024435021468437262,0.9286718524320988,0.3554127954522177,0.3554127954522177,Ctsa
ENSMUSG00000033863,chol1,-0.016666351245468863,0.017947918151218788,-0.9285952334442256,0.3554523100001685,0.3554523100001685,Klf9
ENSMUSG00000029727,chol1,-0.062575532671494,0.06739617751527288,-0.9284730229294317,0.35551534319649924,0.35551534319649924,Cyp3a13
ENSMUSG00000030629,chol1,-0.011901439414160385,0.01282974657056355,-0.9276441548320943,0.35594304213414774,0.35594304213414774,Zfand6
ENSMUSG00000040715,chol1,0.028144691624835294,0.03037574509870284,0.9265514815647166,0.35650736892275436,0.35650736892275436,Rsc1a1
ENSMUSG00000039307,chol1,-0.009620304457512854,0.010400248976507065,-0.9250071300450581,0.3573059477466226,0.3573059477466226,Hexdc
ENSMUSG00000051154,chol1,-0.005578423683281522,0.006030798205783253,-0.9249892788540123,0.3573151852204606,0.3573151852204606,Commd3
ENSMUSG00000030064,chol1,0.015855935802171484,0.017153883774253056,0.9243350375248716,0.357653841532271,0.357653841532271,Frmd4b
ENSMUSG00000022094,chol1,0.11127102767325917,0.12041128467893328,0.924091358795433,0.35778002990569036,0.35778002990569036,Slc39a14
ENSMUSG00000053931,chol1,-0.01758249382216444,0.01902859322941464,-0.9240038719722694,0.35782534166497115,0.35782534166497115,Cnn3
ENSMUSG00000003617,chol1,0.34274091324338446,0.37093925217234086,0.9239812482399268,0.35783705969641777,0.35783705969641777,Cp
ENSMUSG00000024576,chol1,0.009098270980962796,0.009850926422310988,0.9235954661438206,0.3580369144731609,0.3580369144731609,Csnk1a1
ENSMUSG00000027282,chol1,-0.018182856700045623,0.019698236016609964,-0.9230703035903042,0.3583090900702719,0.3583090900702719,Mtch2
ENSMUSG00000020884,chol1,-0.057961475749304756,0.06280270025904884,-0.9229137522785648,0.35839025137369585,0.35839025137369585,Asgr1
ENSMUSG00000058216,chol1,-0.07054947929671686,0.07646999324707963,-0.9225772920989649,0.35856472304686215,0.35856472304686215,Gstp3
ENSMUSG00000023224,chol1,-0.13708061782660727,0.14862884620266195,-0.922301567487726,0.3587077406914527,0.3587077406914527,Serping1
ENSMUSG00000032386,chol1,-0.010320135438819988,0.011195431927456504,-0.9218166396519393,0.3589593598876649,0.3589593598876649,Trip4
ENSMUSG00000038174,chol1,0.010379694035697988,0.011269845189942375,0.9210147842102755,0.3593756735788918,0.3593756735788918,Fam126b
ENSMUSG00000006494,chol1,0.03644210545802087,0.03962896431746505,0.9195825852547025,0.3601200204990036,0.3601200204990036,Pdk1
ENSMUSG00000038650,chol1,0.007573229049172992,0.00824494703771452,0.9185297388244077,0.36066783578907735,0.36066783578907735,Rnh1
ENSMUSG00000025651,chol1,0.03223115023979467,0.03510315794058952,0.918183779771165,0.3608479605143028,0.3608479605143028,Uqcrc1
ENSMUSG00000004040,chol1,0.039481587725264944,0.04300305594740499,0.9181112098998966,0.3608857515308165,0.3608857515308165,Stat3
ENSMUSG00000015714,chol1,0.05549341076794588,0.06045678498602332,0.9179021143908844,0.36099465285746646,0.36099465285746646,Cers2
ENSMUSG00000026749,chol1,0.014649770107025084,0.015978383239293424,0.9168493387365334,0.3615432785831121,0.3615432785831121,Nek6
ENSMUSG00000039202,chol1,0.26659119148276683,0.2907708684566277,0.9168428491402756,0.3615466621075444,0.3615466621075444,Abhd2
ENSMUSG00000035637,chol1,-0.029475248146649254,0.032159200208869414,-0.9165417036248329,0.36170369454877305,0.36170369454877305,Grhpr
ENSMUSG00000027822,chol1,0.013077396354431236,0.014270716420871389,0.9163798066441231,0.3617881337362834,0.3617881337362834,Slc33a1
ENSMUSG00000067235,chol1,-0.5700536252916713,0.6223722715612864,-0.9159367332699956,0.3620192877949119,0.3620192877949119,H2-Q10
ENSMUSG00000003660,chol1,-0.011899352683376227,0.01299430736338426,-0.9157358180480302,0.3621241374536146,0.3621241374536146,Snrnp200
ENSMUSG00000020883,chol1,-0.010313320963311832,0.011263907454793763,-0.9156077502148355,0.36219098104426706,0.36219098104426706,Fbxl20
ENSMUSG00000049940,chol1,0.015497520815215993,0.016932947183633185,0.9152287931421278,0.3623888194924063,0.3623888194924063,Pgrmc2
ENSMUSG00000020889,chol1,-0.027357347017848963,0.02989915659927424,-0.9149872481189996,0.3625149564365122,0.3625149564365122,Nr1d1
ENSMUSG00000020072,chol1,-0.044263616423140764,0.0484241305846148,-0.9140817994820974,0.3629880382664302,0.3629880382664302,Pbld2
ENSMUSG00000022285,chol1,0.012506147613676489,0.013692368743997953,0.91336625878985,0.36336217392777137,0.36336217392777137,Ywhaz
ENSMUSG00000004610,chol1,-0.02979008489680645,0.032616193428934584,-0.9133525946770653,0.36336932088384044,0.36336932088384044,Etfb
ENSMUSG00000008892,chol1,-0.006726066290112865,0.007366810135285781,-0.9130228913999208,0.3635417978684642,0.3635417978684642,Vdac3
ENSMUSG00000025260,chol1,0.02071811797728628,0.02269336575958835,0.9129592408976402,0.3635751012129632,0.3635751012129632,Hsd17b10
ENSMUSG00000029716,chol1,-0.055615955777890635,0.060931811018934946,-0.9127573076829708,0.3636807699494079,0.3636807699494079,Tfr2
ENSMUSG00000025151,chol1,-0.02545480205095533,0.027890227567372687,-0.9126781769516131,0.3637221832401615,0.3637221832401615,Maged1
ENSMUSG00000024104,chol1,0.008989538965567699,0.009857211416256503,0.9119758708575694,0.3640898684077136,0.3640898684077136,Washc2
ENSMUSG00000019432,chol1,-0.007061913148672726,0.007745931447872344,-0.9116932154895969,0.3642379163352304,0.3642379163352304,Ddx39b
ENSMUSG00000000826,chol1,-0.00719528426653808,0.007899586369981565,-0.9108431669131649,0.36468338118522703,0.36468338118522703,Dnajc5
ENSMUSG00000006731,chol1,-0.02517607623492132,0.02766349294846049,-0.9100830571839412,0.36508200664299284,0.36508200664299284,B4galnt1
ENSMUSG00000017721,chol1,-0.006950938428289761,0.007639851341283345,-0.9098263981563468,0.36521666912315054,0.36521666912315054,Pigt
ENSMUSG00000020051,chol1,-0.23488464741133616,0.2584185553598337,-0.9089310443836827,0.36568668518440817,0.36568668518440817,Pah
ENSMUSG00000020000,chol1,0.12342957026373094,0.13580980294543926,0.908841391319285,0.36573376968620197,0.36573376968620197,Moxd1
ENSMUSG00000020097,chol1,-0.017898689007327273,0.019702089308624625,-0.908466545194884,0.36593067511717436,0.36593067511717436,Sgpl1
ENSMUSG00000024121,chol1,-0.023455024625240045,0.025874741690631017,-0.9064834310493957,0.3669735163007517,0.3669735163007517,Atp6v0c
ENSMUSG00000037722,chol1,-0.015508929792235303,0.017137377010260246,-0.9049768691527308,0.3677670140906878,0.3677670140906878,Gnpnat1
ENSMUSG00000038967,chol1,-0.021573635925297704,0.023847073845208275,-0.904665958822978,0.3679309038616101,0.3679309038616101,Pdk2
ENSMUSG00000022365,chol1,-0.01240970514288665,0.013738939060998327,-0.903250614024116,0.3686775564939768,0.3686775564939768,Derl1
ENSMUSG00000022536,chol1,0.008847901301004806,0.00979648611696106,0.9031709120361096,0.3687196310375781,0.3687196310375781,Glyr1
ENSMUSG00000040660,chol1,0.23009973024168853,0.255077212358976,0.9020787396635961,0.3692964926642853,0.3692964926642853,Cyp2b9
ENSMUSG00000029162,chol1,-0.10103061507133568,0.11204285604542646,-0.901714028339067,0.36948925212703687,0.36948925212703687,Khk
ENSMUSG00000047492,chol1,0.028489781171162628,0.03165009474500656,0.9001483692448492,0.37031746551279066,0.37031746551279066,Inhbe
ENSMUSG00000058672,chol1,0.08734189024547742,0.09703414764123572,0.9001149839374746,0.3703351386534426,0.3703351386534426,Tubb2a
ENSMUSG00000071533,chol1,-0.005833616250936356,0.006481351208680879,-0.9000617406942906,0.3703633250671472,0.3703633250671472,Pcnp
ENSMUSG00000050627,chol1,0.013565854995221326,0.015089856959557797,0.8990048766916124,0.3709230978250482,0.3709230978250482,Gpd1l
ENSMUSG00000031445,chol1,0.05160642847917619,0.05751401190612552,0.8972844489340841,0.37183547045392185,0.37183547045392185,Proz
ENSMUSG00000039067,chol1,-0.006394716336177567,0.007130709936967566,-0.896785368175698,0.37210040593355453,0.37210040593355453,Psmd7
ENSMUSG00000001416,chol1,-0.014633906501579988,0.01632836162685318,-0.8962262617648952,0.3723973469909301,0.3723973469909301,Cct3
ENSMUSG00000027878,chol1,0.0077407317398679185,0.008637849978647246,0.8961410257185524,0.37244262890204427,0.37244262890204427,Notch2
ENSMUSG00000040249,chol1,-0.1974164354965085,0.2204069405377028,-0.8956906484654845,0.3726819507399265,0.3726819507399265,Lrp1
ENSMUSG00000030894,chol1,-0.012705733849372732,0.014191275012005398,-0.8953201060950519,0.3728789224051673,0.3728789224051673,Tpp1
ENSMUSG00000001440,chol1,-0.01669688606951894,0.018655001480303347,-0.8950353655639289,0.37303032831822325,0.37303032831822325,Kpnb1
ENSMUSG00000057666,chol1,-0.19774099112285917,0.22130744144052553,-0.8935126168181758,0.37384068028806106,0.37384068028806106,Gapdh
ENSMUSG00000062960,chol1,-0.011127633436943039,0.012454996106627668,-0.8934272914803802,0.37388612007125954,0.37388612007125954,Kdr
ENSMUSG00000027893,chol1,-0.010543198913389744,0.011803654934439698,-0.8932147688109466,0.37399931354820637,0.37399931354820637,Ahcyl1
ENSMUSG00000032314,chol1,-0.04321649550976826,0.0484254781063,-0.8924330166633075,0.37441587439207635,0.37441587439207635,Etfa
ENSMUSG00000002332,chol1,-0.01859074659250396,0.020867039929778657,-0.890914411198961,0.3752259041156897,0.3752259041156897,Dhrs1
ENSMUSG00000024241,chol1,-0.008336097889634145,0.009358980326718168,-0.890705781893367,0.3753372736254825,0.3753372736254825,Sos1
ENSMUSG00000024975,chol1,0.017281493314161227,0.01942802217977447,0.8895137731596845,0.37597398387692316,0.37597398387692316,Pdcd4
ENSMUSG00000039001,chol1,-0.011954786767808069,0.013440216367444658,-0.8894787435688427,0.3759927051369786,0.3759927051369786,Rps21
ENSMUSG00000045374,chol1,-0.009377813519773378,0.01054895031384273,-0.8889807270650861,0.37625892895871893,0.37625892895871893,Wdr81
ENSMUSG00000027195,chol1,0.038160027854073894,0.04293307410417373,0.88882589123438,0.37634172335850624,0.37634172335850624,Hsd17b12
ENSMUSG00000041237,chol1,-0.11214126544458881,0.12648674358920298,-0.8865851255432375,0.37754119237514816,0.37754119237514816,Pklr
ENSMUSG00000015478,chol1,-0.006379476283138588,0.007195651042560684,-0.886573882669601,0.377547216649305,0.377547216649305,Rnf5
ENSMUSG00000032580,chol1,-0.005303592658923205,0.00598277640020535,-0.8864768301789061,0.37759922283213576,0.37759922283213576,Rbm5
ENSMUSG00000013701,chol1,-0.007996650493796333,0.009034064555601823,-0.8851664103770199,0.37830185848250253,0.37830185848250253,Timm23
ENSMUSG00000027513,chol1,-0.7193199552698875,0.8128540225125745,-0.8849312857509539,0.3784280167422548,0.3784280167422548,Pck1
ENSMUSG00000028639,chol1,-0.013858169122015459,0.015680894579327975,-0.8837613856727661,0.3790561284205338,0.3790561284205338,Ybx1
ENSMUSG00000020719,chol1,-0.056078507073298714,0.06351859815780467,-0.8828675175415254,0.3795364792446583,0.3795364792446583,Ddx5
ENSMUSG00000007564,chol1,0.00527470389440421,0.005990207479314159,0.8805544570232701,0.3807812461827885,0.3807812461827885,Ppp2r1a
ENSMUSG00000042010,chol1,0.04989570909497937,0.05673514548822973,0.8794497425820602,0.3813766427987517,0.3813766427987517,Acacb
ENSMUSG00000042406,chol1,0.010869080729458157,0.012363631219809523,0.8791171894583255,0.3815559891519633,0.3815559891519633,Atf4
ENSMUSG00000020609,chol1,1.4459768641564998,1.6457308660119803,0.8786229231152877,0.38182264478451855,0.38182264478451855,Apob
ENSMUSG00000036292,chol1,-0.011036814131099257,0.012562959249741518,-0.8785202524099837,0.3818780499738609,0.3818780499738609,Gramd1c
ENSMUSG00000020859,chol1,0.01634529102556375,0.018614540379715078,0.8780926465085215,0.3821088569755875,0.3821088569755875,Spag9
ENSMUSG00000034785,chol1,0.07103712254931498,0.080919597081841,0.8778729147337323,0.38222749444836357,0.38222749444836357,Dio1
ENSMUSG00000005566,chol1,-0.005928166668101698,0.006758171663582897,-0.8771849788969157,0.38259907277411753,0.38259907277411753,Trim28
ENSMUSG00000032527,chol1,-0.02521882754582788,0.02877823818404323,-0.876315894828164,0.3830688170588824,0.3830688170588824,Pccb
ENSMUSG00000029695,chol1,-0.07234209555626349,0.08263002837755123,-0.8754940180550301,0.3835133756215381,0.3835133756215381,Aass
ENSMUSG00000067889,chol1,-0.02506134220473389,0.028692990021881193,-0.8734308339989029,0.3846307786885462,0.3846307786885462,Sptbn2
ENSMUSG00000044308,chol1,0.022994394787370517,0.02636906803007074,0.872021520106368,0.3853952126709024,0.3853952126709024,Ubr3
ENSMUSG00000005034,chol1,-0.0073402098311535005,0.008423627343483455,-0.8713834945264893,0.38574159767488747,0.38574159767488747,Prkacb
ENSMUSG00000034377,chol1,-0.011070992844904013,0.012705138442030481,-0.8713791585520648,0.3857439523423276,0.3857439523423276,Tulp4
ENSMUSG00000025911,chol1,-0.0186506913579184,0.021407697768340977,-0.8712142501142833,0.3858335131181677,0.3858335131181677,Adhfe1
ENSMUSG00000021922,chol1,-0.78992802386754,0.9076173692409704,-0.8703315412839085,0.3863131262728223,0.3863131262728223,Itih4
ENSMUSG00000033174,chol1,-0.06429682876847971,0.0739527562186304,-0.8694311349045009,0.3868027359816635,0.3868027359816635,Mgll
ENSMUSG00000071659,chol1,-0.008303615432965109,0.009561510641631027,-0.8684417916987913,0.38734114968862765,0.38734114968862765,Hnrnpul2
ENSMUSG00000036257,chol1,-0.01597482409312818,0.018407764941938687,-0.8678307303203606,0.3876739292009742,0.3876739292009742,Pnpla8
ENSMUSG00000021417,chol1,-0.045113100498531976,0.05202941370194376,-0.8670691689313924,0.388088917627065,0.388088917627065,Eci2
ENSMUSG00000047230,chol1,0.02362444046460769,0.027260999131431544,0.8666021502259998,0.3883435404228681,0.3883435404228681,Cldn2
ENSMUSG00000033478,chol1,0.009415633712470178,0.0108662407072428,0.866503325864507,0.38839743360077805,0.38839743360077805,Fhip2a
ENSMUSG00000026112,chol1,-0.012235873679406881,0.014131670774285489,-0.8658476322326819,0.3887551287547708,0.3887551287547708,Coa5
ENSMUSG00000047631,chol1,-0.09752930842682593,0.11285730333733383,-0.8641825167070307,0.38966440075194675,0.38966440075194675,Apof
ENSMUSG00000021340,chol1,0.06003873524422899,0.06951906426840913,0.8636297953094256,0.3899665163547178,0.3899665163547178,Gpld1
ENSMUSG00000041453,chol1,-0.026787612557150356,0.031047310297778723,-0.8627997820174095,0.3904204704114609,0.3904204704114609,Rpl21
ENSMUSG00000071655,chol1,-0.01019334309158694,0.01182605266593491,-0.8619395989118999,0.3908912691289216,0.3908912691289216,Ubxn1
ENSMUSG00000024665,chol1,0.0874326681791958,0.1015248674602642,0.8611946054833911,0.3912993047321419,0.3912993047321419,Fads2
ENSMUSG00000040883,chol1,-0.036354350703024785,0.04223751540235179,-0.8607123396515074,0.39156358348807996,0.39156358348807996,Tmem205
ENSMUSG00000026356,chol1,-0.008533985285127572,0.009920890281273714,-0.8602035747977165,0.3918425028011431,0.3918425028011431,Dars
ENSMUSG00000003420,chol1,-0.022586739609612445,0.02626021520181192,-0.8601125099711289,0.391892440038373,0.391892440038373,Fcgrt
ENSMUSG00000025190,chol1,-0.07932962076269355,0.09236912413909282,-0.8588326619102298,0.39259468544870635,0.39259468544870635,Got1
ENSMUSG00000005089,chol1,0.06760515558674368,0.07876084938382037,0.858359909976182,0.3928542776461357,0.3928542776461357,Slc1a2
ENSMUSG00000066154,chol1,1.489966232725741,1.7391173956524164,0.8567370072028931,0.39374623146019483,0.39374623146019483,Mup3
ENSMUSG00000020538,chol1,-0.11569197862942462,0.13532498971334556,-0.8549195449745912,0.39474659311559346,0.39474659311559346,Srebf1
ENSMUSG00000058239,chol1,-0.007768255310355513,0.009088399501012439,-0.8547440404099904,0.3948432763722176,0.3948432763722176,Usf2
ENSMUSG00000028495,chol1,-0.1056256632455377,0.12358892960871082,-0.8546531115687644,0.39489337364714117,0.39489337364714117,Rps6
ENSMUSG00000003528,chol1,0.02580594027948787,0.030243207639967153,0.8532805311756904,0.39565007149506715,0.39565007149506715,Slc25a1
ENSMUSG00000057530,chol1,-0.051488987480734605,0.06035647355279094,-0.8530814418059006,0.3957599024918662,0.3957599024918662,Ece1
ENSMUSG00000013593,chol1,-0.018401541359209926,0.02159126817027755,-0.8522677414817816,0.3962089884264356,0.3962089884264356,Ndufs2
ENSMUSG00000040213,chol1,-0.04210010457116781,0.0495522691730485,-0.8496100233905346,0.39767797486680856,0.39767797486680856,Kyat3
ENSMUSG00000021876,chol1,-0.3387804281433774,0.39886875962722673,-0.8493531267276824,0.39782014456004977,0.39782014456004977,Rnase4
ENSMUSG00000006299,chol1,-0.011653477368026823,0.013746631941866363,-0.8477332787630193,0.3987173043757445,0.3987173043757445,Aamp
ENSMUSG00000003166,chol1,-0.010759579046159411,0.012710183234360066,-0.8465321740659497,0.39938333976916496,0.39938333976916496,Dgcr2
ENSMUSG00000038014,chol1,-0.014822726298206518,0.017515483653070287,-0.8462641735621297,0.39953204388435515,0.39953204388435515,Fam120a
ENSMUSG00000078964,chol1,0.07035343677082162,0.08317923927674697,0.8458052439833884,0.3997867664367586,0.3997867664367586,Ces1b
ENSMUSG00000035031,chol1,-0.18043938320661806,0.21334179909164974,-0.8457760456454335,0.39980297592895875,0.39980297592895875,C8a
ENSMUSG00000006611,chol1,-0.008181166125657599,0.009717065554168977,-0.8419379369266042,0.40193720024041346,0.40193720024041346,Hfe
ENSMUSG00000020321,chol1,-0.08758657610146284,0.10414042420429548,-0.8410430125542945,0.40243582964819635,0.40243582964819635,Mdh1
ENSMUSG00000033898,chol1,0.10669516639257455,0.12692820366363491,0.8405946299793325,0.4026857987864487,0.4026857987864487,Cfhr2
ENSMUSG00000057037,chol1,0.06146781816929421,0.0732584911008157,0.8390538386151636,0.40354549611463275,0.40354549611463275,Cfhr1
ENSMUSG00000023830,chol1,-0.013970393874686805,0.01666232965811877,-0.838441812239604,0.4038872909137582,0.4038872909137582,Igf2r
ENSMUSG00000026475,chol1,0.08756122545009958,0.10446792580928105,0.8381637212741572,0.4040426529022353,0.4040426529022353,Rgs16
ENSMUSG00000062054,chol1,-0.0142753847909007,0.017045494984235163,-0.8374872542043249,0.4044207286357474,0.4044207286357474,Iah1
ENSMUSG00000036138,chol1,-0.04811353225820335,0.05753931214405707,-0.8361853916109552,0.40514894111450694,0.40514894111450694,Acaa1a
ENSMUSG00000051716,chol1,-0.10185585396199438,0.12182303177239441,-0.8360968568923379,0.40519849297145005,0.40519849297145005,Apon
ENSMUSG00000022946,chol1,-0.01243229742296002,0.01487951530821447,-0.8355310751349927,0.40551524135956085,0.40551524135956085,Dop1b
ENSMUSG00000026715,chol1,-0.2300734466295279,0.27598089768361317,-0.8336571427972019,0.4065654201252412,0.4065654201252412,Serpinc1
ENSMUSG00000069682,chol1,-0.05100777955244057,0.06120904080998759,-0.8333373448995061,0.4067448040496435,0.4067448040496435,Gm10275
ENSMUSG00000039285,chol1,0.0051233662961400325,0.006151733116195453,0.8328329918363859,0.40702780779444314,0.40702780779444314,Azi2
ENSMUSG00000026819,chol1,0.09733246756098196,0.11718136949781541,0.8306138422694959,0.4082744388261613,0.4082744388261613,Slc25a25
ENSMUSG00000043962,chol1,-0.011681463049224641,0.014063833998274104,-0.8306030240870431,0.4082805217091747,0.4082805217091747,Thrap3
ENSMUSG00000023019,chol1,-0.0921352474147805,0.11115528621155438,-0.8288876809639596,0.4092457239896088,0.4092457239896088,Gpd1
ENSMUSG00000096188,chol1,-0.01350918039279839,0.016319994121302795,-0.8277687045955858,0.4098761007117093,0.4098761007117093,Cmtm4
ENSMUSG00000061436,chol1,-0.011756223771105821,0.01420863778899685,-0.8273997793236608,0.4100840637010795,0.4100840637010795,Hipk2
ENSMUSG00000045092,chol1,0.011344664072119242,0.01371203226072747,0.8273510342162343,0.41011154605792766,0.41011154605792766,S1pr1
ENSMUSG00000015854,chol1,0.054611270094109605,0.06617969787148865,0.8251967272524687,0.4113272486768539,0.4113272486768539,Cd5l
ENSMUSG00000056342,chol1,0.008654847814294679,0.010492053686915888,0.8248954944910074,0.4114974111200711,0.4114974111200711,Usp34
ENSMUSG00000024331,chol1,-0.01745728067607476,0.021170240953338474,-0.8246141701718236,0.41165636586082055,0.41165636586082055,Dsc2
ENSMUSG00000037826,chol1,-0.03328643919890474,0.04039561796309799,-0.8240111397556142,0.4119972166424942,0.4119972166424942,Ppm1k
ENSMUSG00000029430,chol1,-0.009297204045083126,0.01129282211904552,-0.8232843789687653,0.41240822939137,0.41240822939137,Ran
ENSMUSG00000052974,chol1,-0.3658372107610565,0.44451218842518114,-0.8230082780342772,0.41256444038658624,0.41256444038658624,Cyp2f2
ENSMUSG00000039703,chol1,-0.011270935285558108,0.013706834449207159,-0.8222857967187347,0.4129733707691525,0.4129733707691525,Nploc4
ENSMUSG00000027820,chol1,0.019764950706468887,0.02406926303636682,0.821169749842592,0.4136055417344582,0.4136055417344582,Mme
ENSMUSG00000038127,chol1,0.0077779622613891606,0.009473323324617883,0.8210384038278239,0.41367997931829814,0.41367997931829814,Ccdc50
ENSMUSG00000032604,chol1,0.004129858534023305,0.00503173322485721,0.8207626178632516,0.41383630141002803,0.41383630141002803,Qars
ENSMUSG00000037720,chol1,-0.01177790134405591,0.014362082145296155,-0.820069208970051,0.4142294990533295,0.4142294990533295,Tmem33
ENSMUSG00000001942,chol1,0.008430435375965422,0.010283619901856295,0.8197925882542241,0.41438641950651445,0.41438641950651445,Siae
ENSMUSG00000017781,chol1,-0.0034220171171248704,0.004176846548726854,-0.8192824603929816,0.41467589674390604,0.41467589674390604,Pitpna
ENSMUSG00000054676,chol1,-0.04213600795584676,0.051460348256639615,-0.8188053400981445,0.4149467533969303,0.4149467533969303,1600014C10Rik
ENSMUSG00000024386,chol1,-0.04525006354345163,0.05531927764126913,-0.8179800147949565,0.4154155334510806,0.4154155334510806,Proc
ENSMUSG00000026170,chol1,0.06556259533670276,0.08016111721886372,0.8178852492499245,0.41546938007303214,0.41546938007303214,Cyp27a1
ENSMUSG00000054823,chol1,-0.013076481044592319,0.015997591391397743,-0.8174031155479963,0.4157433975658501,0.4157433975658501,Nsd3
ENSMUSG00000005534,chol1,0.028635448721812267,0.035039152330444086,0.8172414803805655,0.41583528610156306,0.41583528610156306,Insr
ENSMUSG00000020532,chol1,-0.07056752593829911,0.08645079022238965,-0.8162739259730101,0.4163855891246231,0.4163855891246231,Acaca
ENSMUSG00000031386,chol1,-0.0060756932091164855,0.007444554825707747,-0.816125792792301,0.416469879376704,0.416469879376704,Hcfc1
ENSMUSG00000022809,chol1,-0.014361609982693445,0.01764792654350536,-0.8137845512496584,0.41780344258978896,0.41780344258978896,Nr1i2
ENSMUSG00000024099,chol1,-0.008057344693088567,0.00991007501271243,-0.813045782474177,0.4182247726098409,0.4182247726098409,Ndufv2
ENSMUSG00000052305,chol1,0.13511542370911206,0.16622606491239428,0.8128413782779591,0.4183413920138551,0.4183413920138551,Hbb-b1
ENSMUSG00000031762,chol1,0.17339123126200046,0.21339976664156485,0.8125183733365351,0.4185257167386841,0.4185257167386841,Mt2
ENSMUSG00000005951,chol1,-0.014881120491471568,0.01832259210246605,-0.8121733217795482,0.41872267613589476,0.41872267613589476,Shpk
ENSMUSG00000022283,chol1,-0.019048184620418244,0.023456775275675266,-0.8120547004673425,0.41879039934201545,0.41879039934201545,Pabpc1
ENSMUSG00000040612,chol1,0.03213695038789059,0.0395904751933134,0.8117343939665148,0.4189733012382252,0.4189733012382252,Ildr2
ENSMUSG00000027580,chol1,0.028920403819495247,0.03564905021644576,0.8112531370093438,0.4192481990356618,0.4192481990356618,Helz2
ENSMUSG00000044005,chol1,-0.09378149460569486,0.11560868474245557,-0.811197660578998,0.4192798945388585,0.4192798945388585,Gls2
ENSMUSG00000037780,chol1,-0.025874120853101007,0.03192711800503665,-0.8104120406050821,0.419728898643023,0.419728898643023,Mbl1
ENSMUSG00000055670,chol1,-0.006277826392057928,0.007748466824365755,-0.8102023967266317,0.4198487645808656,0.4198487645808656,Zzef1
ENSMUSG00000029597,chol1,-0.06674787366218642,0.08244086690215655,-0.8096454606840188,0.42016729745626524,0.42016729745626524,Sds
ENSMUSG00000032562,chol1,0.00678216801129663,0.008387194404824721,0.8086336960778205,0.4207463329255582,0.4207463329255582,Gnai2
ENSMUSG00000020102,chol1,0.01527787650356032,0.018931567499348562,0.8070053630839619,0.4216792307263949,0.4216792307263949,Slc16a7
ENSMUSG00000030555,chol1,-0.017573974005734395,0.02178374930632919,-0.8067469818259587,0.42182737464928677,0.42182737464928677,Ttc23
ENSMUSG00000025003,chol1,-0.16104868143033121,0.1996923320977234,-0.8064840534363575,0.4219781575075119,0.4219781575075119,Cyp2c39
ENSMUSG00000020745,chol1,-0.0074350068881790105,0.009226283523278917,-0.805850684018075,0.42234151079905546,0.42234151079905546,Pafah1b1
ENSMUSG00000035545,chol1,0.010662590902437557,0.013232478242022743,0.8057894150602928,0.42237666963796483,0.42237666963796483,Leng8
ENSMUSG00000019302,chol1,0.007080928655685756,0.008819191478962552,0.8028999792755064,0.4240367334083852,0.4240367334083852,Atp6v0a1
ENSMUSG00000063929,chol1,-0.0325792639980713,0.04061862814836045,-0.8020769160168287,0.4245103152792573,0.4245103152792573,Cyp4a32
ENSMUSG00000063001,chol1,-0.011834763735459464,0.014761460055304557,-0.8017339538988639,0.42470774470493067,0.42470774470493067,Gm9701
ENSMUSG00000022708,chol1,0.043140583988427884,0.05381335909588718,0.8016705277876811,0.42474426252421515,0.42474426252421515,Zbtb20
ENSMUSG00000031672,chol1,-0.05349230977863115,0.0667282258349179,-0.8016444182251794,0.4247592957434223,0.4247592957434223,Got2
ENSMUSG00000016756,chol1,-0.05233313825436315,0.06532649027019666,-0.8011013302246646,0.4250720635455143,0.4250720635455143,Cmah
ENSMUSG00000037814,chol1,0.008292183681903893,0.01036511227818899,0.8000090553146152,0.4257015252063199,0.4257015252063199,NA
ENSMUSG00000041915,chol1,-0.00967736298981409,0.012102913815136684,-0.799589515188562,0.4259434467313057,0.4259434467313057,Ammecr1l
ENSMUSG00000022836,chol1,-0.01943689493804943,0.02431226372704977,-0.7994687436869148,0.4260131029107752,0.4260131029107752,Mylk
ENSMUSG00000000711,chol1,-0.010528479563633843,0.013169344852629262,-0.7994687421016111,0.42601310382515944,0.42601310382515944,Rab5b
ENSMUSG00000032080,chol1,0.45778837615484613,0.5741348668474945,0.7973533791258961,0.4272342551323588,0.4272342551323588,Apoa4
ENSMUSG00000021775,chol1,-0.02185811870915525,0.027417111842251318,-0.7972436642823426,0.4272976474981992,0.4272976474981992,Nr1d2
ENSMUSG00000085328,chol1,0.02922962700510589,0.03667892487960909,0.7969052283033387,0.4274932281871039,0.4274932281871039,NA
ENSMUSG00000061825,chol1,0.029812999543658177,0.03745955714470632,0.7958716497499028,0.4280908565550706,0.4280908565550706,Ces2c
ENSMUSG00000019210,chol1,-0.00597007555471366,0.00750245386337101,-0.7957497191500461,0.4281613909509233,0.4281613909509233,Atp6v1e1
ENSMUSG00000031782,chol1,-0.010302079196838334,0.012950036850780859,-0.795525087344994,0.42829135391241124,0.42829135391241124,Coq9
ENSMUSG00000017493,chol1,-0.22346705646584755,0.2810734718614476,-0.7950485507789345,0.42856713606784735,0.42856713606784735,Igfbp4
ENSMUSG00000062006,chol1,0.022202603387262047,0.027930356068961545,0.7949273304086288,0.42863730569115466,0.42863730569115466,Rpl34
ENSMUSG00000076432,chol1,-0.006894041251582123,0.008678233419560644,-0.7944060638013065,0.42893912342815566,0.42893912342815566,Ywhaq
ENSMUSG00000025261,chol1,0.03157227408925356,0.03976993861195003,0.7938728394156171,0.42924799466013686,0.42924799466013686,Huwe1
ENSMUSG00000000275,chol1,0.01849700656960075,0.023331969324507547,0.7927751966556793,0.4298842195384135,0.4298842195384135,Trim25
ENSMUSG00000038160,chol1,0.005720415314144018,0.007221052892807444,0.7921857655746931,0.4302260999914206,0.4302260999914206,Atg5
ENSMUSG00000037351,chol1,-0.004710832694741735,0.0059528816504007005,-0.7913533262373257,0.4307092025707121,0.4307092025707121,Actr1b
ENSMUSG00000017778,chol1,0.027440976098018762,0.03478728928370266,0.7888219134933995,0.43218026018727984,0.43218026018727984,Cox7c
ENSMUSG00000019838,chol1,-0.02826769056577779,0.035836832474205764,-0.7887887576594275,0.43219954733848787,0.43219954733848787,Slc16a10
ENSMUSG00000071633,chol1,-0.05027731085490914,0.06377076029188229,-0.7884069536694734,0.4324216838459547,0.4324216838459547,Gm4952
ENSMUSG00000006273,chol1,0.003992253080307561,0.005068521070795728,0.7876564040170402,0.4328585551373343,0.4328585551373343,Atp6v1b2
ENSMUSG00000018362,chol1,-0.007951141672622047,0.010106688927394442,-0.7867207281971716,0.4334035457456835,0.4334035457456835,Kpna2
ENSMUSG00000079197,chol1,-0.0066066128240673,0.00840157184205395,-0.7863543808550196,0.43361703696535103,0.43361703696535103,Psme2
ENSMUSG00000035469,chol1,-0.00939979430175388,0.011966700826745036,-0.7854958887871388,0.43411757052984334,0.43411757052984334,Rcbtb1
ENSMUSG00000032570,chol1,0.004354651156783556,0.0055467810192066595,0.7850771720940211,0.43436182130569045,0.43436182130569045,Atp2c1
ENSMUSG00000046861,chol1,-0.011532141707062956,0.014692785843681982,-0.7848846249958698,0.4344741672211391,0.4344741672211391,Hectd3
ENSMUSG00000001348,chol1,-0.015151766387408429,0.019306411441346576,-0.7848049044971368,0.4345206869215166,0.4345206869215166,Acp5
ENSMUSG00000003402,chol1,-0.009634858060461018,0.01228065756106924,-0.7845555510809422,0.4346662122293017,0.4346662122293017,Prkcsh
ENSMUSG00000052915,chol1,-0.005137259968486578,0.006557059396138717,-0.7834700981223043,0.43530002715271665,0.43530002715271665,Msl1
ENSMUSG00000029578,chol1,0.006469075649426142,0.008261342296465175,0.7830538207083007,0.4355432424469846,0.4355432424469846,Wipi2
ENSMUSG00000021709,chol1,0.009518256946298034,0.012159160531338439,0.7828054347803151,0.43568840296297184,0.43568840296297184,Erbin
ENSMUSG00000027406,chol1,-0.017334753790650977,0.022152916356222997,-0.7825043670054509,0.4358643895476586,0.4358643895476586,Idh3b
ENSMUSG00000030972,chol1,0.03513222001704826,0.044910119243506894,0.7822784844225875,0.4359964546096575,0.4359964546096575,Acsm5
ENSMUSG00000078853,chol1,0.02198215462239862,0.028102257891765355,0.7822202296720053,0.4360305177753264,0.4360305177753264,Igtp
ENSMUSG00000033487,chol1,-0.010640134620848795,0.01363139870555095,-0.7805607370662514,0.43700152345525356,0.43700152345525356,Fndc3a
ENSMUSG00000020530,chol1,0.006502202150833911,0.008333163200214209,0.7802801882803361,0.4371658036385374,0.4371658036385374,Ggnbp2
ENSMUSG00000027710,chol1,-0.009157225958102644,0.011764288905265225,-0.7783917950199468,0.4382725242926233,0.4382725242926233,Acad9
ENSMUSG00000068267,chol1,-0.011715642279642828,0.01505687015836007,-0.7780928012544438,0.43844790392904565,0.43844790392904565,Cenpb
ENSMUSG00000029859,chol1,0.0073364384670357675,0.009429979108407585,0.7779909565753695,0.43850765193106167,0.43850765193106167,Epha1
ENSMUSG00000015363,chol1,-0.010824648788971991,0.013914510618917145,-0.7779395974052867,0.4385377840053629,0.4385377840053629,Trabd
ENSMUSG00000020708,chol1,-0.006195740005682755,0.007970408556390573,-0.7773428378041035,0.4388879874093278,0.4388879874093278,Psmc5
ENSMUSG00000029713,chol1,-0.006308941071628439,0.008116310040453984,-0.7773164209083799,0.43890349371631887,0.43890349371631887,Gnb2
ENSMUSG00000053279,chol1,0.4738280819434988,0.6098639022616995,0.7769406914990253,0.43912407564886224,0.43912407564886224,Aldh1a1
ENSMUSG00000022877,chol1,-0.14975148009746775,0.19278406350725819,-0.7767835026043515,0.43921637675302205,0.43921637675302205,Hrg
ENSMUSG00000030102,chol1,-0.015421782014964571,0.019908942158437835,-0.7746158430837818,0.4404903772386808,0.4404903772386808,Itpr1
ENSMUSG00000019256,chol1,0.010223141784554983,0.013208293746648553,0.7739941267697036,0.44085617597731486,0.44085617597731486,Ahr
ENSMUSG00000014769,chol1,0.009138898881531948,0.01181368171746962,0.7735860081635426,0.44109639652848975,0.44109639652848975,Psmb1
ENSMUSG00000021012,chol1,-0.006708981410526867,0.008676387382124773,-0.7732459507684977,0.4412966141045096,0.4412966141045096,Zc3h14
ENSMUSG00000021127,chol1,-0.020344688955665942,0.026346121981271314,-0.7722081060024084,0.4419079989234256,0.4419079989234256,Zfp36l1
ENSMUSG00000070811,chol1,0.05742804082968131,0.0743838270868874,0.7720500958171981,0.44200112445581496,0.44200112445581496,Sult2a2
ENSMUSG00000030795,chol1,0.01262031978371118,0.01635802264677702,0.7715064379249854,0.44232162406012254,0.44232162406012254,Fus
ENSMUSG00000074207,chol1,0.2385207287262893,0.3092829248470116,0.771205616489416,0.44249902367296523,0.44249902367296523,Adh1
ENSMUSG00000027809,chol1,-0.04608504937963336,0.059867427911137146,-0.7697850231354294,0.44333733058761904,0.44333733058761904,Etfdh
ENSMUSG00000052520,chol1,0.1269313251564908,0.1649223279267316,0.7696430601736433,0.44342115504447677,0.44342115504447677,Cyp2j5
ENSMUSG00000033965,chol1,-0.025606571753299855,0.03333632020030055,-0.7681283236854977,0.4443161296304101,0.4443161296304101,Slc16a2
ENSMUSG00000066232,chol1,0.009288622148939631,0.012109788037514588,0.767034247021059,0.4449632103298402,0.4449632103298402,Ipo7
ENSMUSG00000058952,chol1,-0.1113649088607812,0.1452864858083729,-0.7665193926410133,0.44526790460644505,0.44526790460644505,Cfi
ENSMUSG00000041548,chol1,-0.03475042792812186,0.04535659873148103,-0.7661603581399576,0.4454804551211572,0.4454804551211572,Hspb8
ENSMUSG00000026691,chol1,0.10807068950671984,0.14121640081878953,0.7652842650011833,0.4459993538334682,0.4459993538334682,Fmo3
ENSMUSG00000025068,chol1,-0.010583367286315764,0.013870538345017926,-0.7630105640504674,0.447347667969311,0.447347667969311,Gsto1
ENSMUSG00000030591,chol1,-0.00755698194436071,0.009915392263965324,-0.7621465437957925,0.4478606522840838,0.4478606522840838,Psmd8
ENSMUSG00000022971,chol1,-0.005490766008558552,0.007204388238362292,-0.7621418817105168,0.44786342116843647,0.44786342116843647,Ifnar2
ENSMUSG00000039463,chol1,-0.004542797849166102,0.00596341062158141,-0.7617784750098959,0.44807928441673517,0.44807928441673517,Slc9a8
ENSMUSG00000021520,chol1,-0.010136662375905143,0.01331030110580851,-0.7615652189477204,0.4482059862729635,0.4482059862729635,Uqcrb
ENSMUSG00000016921,chol1,-0.008776572829577832,0.011531843083653215,-0.761072862846957,0.44849858882158045,0.44849858882158045,Srsf6
ENSMUSG00000026179,chol1,-0.02398684250178663,0.03158160209218672,-0.759519495932126,0.44942246181782675,0.44942246181782675,Pnkd
ENSMUSG00000073418,chol1,0.32550990782755435,0.4286039259060421,0.7594655301848824,0.4494545779200937,0.4494545779200937,C4b
ENSMUSG00000049751,chol1,-0.010871827735252866,0.014316038722749391,-0.7594159212475876,0.44948410236341485,0.44948410236341485,Rpl36al
ENSMUSG00000027359,chol1,-0.256687002479744,0.3380366953780645,-0.7593465620431001,0.44952538292554167,0.44952538292554167,Slc27a2
ENSMUSG00000030341,chol1,0.025380384833951834,0.03344338484940067,0.7589059824010808,0.44978765398438214,0.44978765398438214,Tnfrsf1a
ENSMUSG00000066366,chol1,-1.5411204165195749,2.0322414516212985,-0.7583352929299257,0.4501275086111892,0.4501275086111892,Serpina1a
ENSMUSG00000020152,chol1,0.01004378096451728,0.013247045279856684,0.7581902795931216,0.45021388989818256,0.45021388989818256,Actr2
ENSMUSG00000074582,chol1,0.00993022873059471,0.013097665041201714,0.7581678642228897,0.4502272430974512,0.4502272430974512,Arfgef2
ENSMUSG00000034707,chol1,-0.027633540050455905,0.03646191362783108,-0.7578741020702614,0.450402263039376,0.450402263039376,Gns
ENSMUSG00000056666,chol1,-0.15527432491540447,0.20509785565856756,-0.7570743458863568,0.45087894643940674,0.45087894643940674,Retsat
ENSMUSG00000015932,chol1,0.018749982779552442,0.024768947641565904,0.7569955353326049,0.4509259360577752,0.4509259360577752,Dstn
ENSMUSG00000039768,chol1,-0.006043205371057578,0.007986535037175467,-0.7566742452049431,0.45111752964822716,0.45111752964822716,Dnajc11
ENSMUSG00000019851,chol1,-0.014210590403044569,0.01879141212797669,-0.7562279144465048,0.45138376584314643,0.45138376584314643,Perp
ENSMUSG00000045672,chol1,-0.021497417621684025,0.02843486067085071,-0.7560233148503368,0.4515058396343695,0.4515058396343695,Col27a1
ENSMUSG00000017485,chol1,0.005298822164438063,0.007011237165751927,0.7557613641029622,0.45166215952294153,0.45166215952294153,Top2b
ENSMUSG00000003345,chol1,-0.006164934088736959,0.008158439294681666,-0.7556511565583094,0.4517279354949485,0.4517279354949485,Csnk1g2
ENSMUSG00000033955,chol1,0.01250117279858103,0.016554023752957392,0.7551742697208396,0.4520126227582941,0.4520126227582941,Tnks1bp1
ENSMUSG00000014748,chol1,-0.009024593209977517,0.011975391994794407,-0.7535948062410337,0.45295625088202307,0.45295625088202307,Tex261
ENSMUSG00000030157,chol1,-0.01126992780327359,0.014963638266959496,-0.7531542531443163,0.4532196545020236,0.4532196545020236,Clec2d
ENSMUSG00000021411,chol1,0.008840085973084435,0.01174215353299068,0.7528504842188775,0.45340132696905255,0.45340132696905255,Pxdc1
ENSMUSG00000022219,chol1,-0.02253977174296756,0.029943682379569635,-0.7527388067122395,0.4534681274682113,0.4534681274682113,Cideb
ENSMUSG00000034574,chol1,-0.009226951765526395,0.012265244744741543,-0.7522843577566807,0.45374001672790076,0.45374001672790076,Daam1
ENSMUSG00000053110,chol1,0.009121292954253873,0.012124942427079953,0.7522751558706207,0.4537455230281755,0.4537455230281755,Yap1
ENSMUSG00000022255,chol1,0.005290562419817274,0.007036218052655729,0.7519042730377608,0.4539674868189568,0.4539674868189568,Mtdh
ENSMUSG00000022906,chol1,0.010212172746919688,0.013581874637747328,0.751897143751981,0.4539717541214978,0.4539717541214978,Parp9
ENSMUSG00000003308,chol1,0.005394423071955642,0.0071753440001406325,0.751799923717931,0.4540299484007264,0.4540299484007264,Keap1
ENSMUSG00000031441,chol1,0.026478149835114182,0.03522761229573011,0.7516305565314615,0.45413133895922464,0.45413133895922464,Atp11a
ENSMUSG00000034042,chol1,0.005225227482112273,0.006956557488105287,0.7511225905983901,0.4544355072022275,0.4544355072022275,Gpbp1l1
ENSMUSG00000024807,chol1,0.017843271885036247,0.02377224712508949,0.7505925624592831,0.4547530105293922,0.4547530105293922,Syvn1
ENSMUSG00000028494,chol1,0.17323013380287752,0.23094686463058098,0.7500865364852377,0.45505625423982365,0.45505625423982365,Plin2
ENSMUSG00000022361,chol1,-0.005881004382603892,0.00785332041446263,-0.7488557797506221,0.45579428644999764,0.45579428644999764,Zhx1
ENSMUSG00000026667,chol1,0.00846366916076149,0.011308868189785671,0.7484099220827416,0.4560618169536713,0.4560618169536713,Uhmk1
ENSMUSG00000042520,chol1,0.004077657933029678,0.005458135844439686,0.7470788652473117,0.45686103204323647,0.45686103204323647,Ubap2l
ENSMUSG00000028967,chol1,-0.25358344417561396,0.33994237592120746,-0.7459600865835863,0.4575334054796728,0.4575334054796728,Errfi1
ENSMUSG00000032867,chol1,-0.0049652198620642124,0.006661236063215555,-0.7453901670716905,0.45787613756659984,0.45787613756659984,Fbxw8
ENSMUSG00000037458,chol1,-0.019565614813028986,0.026281210085846145,-0.7444716110528765,0.4584288368468097,0.4584288368468097,Azin1
ENSMUSG00000027244,chol1,-0.005299310493279692,0.007136588789983296,-0.7425551127056174,0.4595832253126625,0.4595832253126625,Atg13
ENSMUSG00000030909,chol1,-0.013262942199567751,0.017878449387569828,-0.7418396255767542,0.46001461716103986,0.46001461716103986,Anks4b
ENSMUSG00000009566,chol1,-0.026206043042508682,0.03535383828355816,-0.7412502945881324,0.46037011795697413,0.46037011795697413,Fpgs
ENSMUSG00000032350,chol1,0.07884395824902499,0.10639717934840663,0.741034289930222,0.46050045704342935,0.46050045704342935,Gclc
ENSMUSG00000024781,chol1,0.04320076131598665,0.05834818478231781,0.7403959776496504,0.460885742711063,0.460885742711063,Lipa
ENSMUSG00000035152,chol1,0.004687380081108309,0.006332926467294983,0.7401601937611719,0.46102810829003127,0.46102810829003127,Ap2b1
ENSMUSG00000023118,chol1,0.005965753351529617,0.008069304653497164,0.739314427661882,0.4615389845936314,0.4615389845936314,Sympk
ENSMUSG00000021939,chol1,0.08094598225432878,0.10980722024177494,0.7371644785843853,0.46283908421464837,0.46283908421464837,Ctsb
ENSMUSG00000034528,chol1,-0.0738339304380021,0.10032351796998867,-0.7359583468762447,0.46356935373573227,0.46356935373573227,Hsd17b13
ENSMUSG00000060450,chol1,0.008973408012674258,0.012193216009180018,0.7359344742124118,0.46358381435609175,0.46358381435609175,Rnf14
ENSMUSG00000052428,chol1,-0.006685069828914848,0.009088763307270542,-0.7355312931922363,0.4638280756676346,0.4638280756676346,Tmco1
ENSMUSG00000001418,chol1,-0.004506888781739429,0.006129648269807435,-0.7352605864742406,0.4639921202128451,0.4639921202128451,Glmp
ENSMUSG00000004270,chol1,0.015412949948769173,0.02097142850591545,0.7349499317331489,0.46418041314187053,0.46418041314187053,Lpcat3
ENSMUSG00000022463,chol1,0.01031323572209642,0.014051444507451131,0.7339626695766095,0.46477909568576803,0.46477909568576803,Srebf2
ENSMUSG00000037053,chol1,-0.12802900719814675,0.1744783674282277,-0.7337815517491699,0.46488897412375707,0.46488897412375707,Azgp1
ENSMUSG00000066324,chol1,0.013300617869658426,0.018153574056081017,0.7326721354466854,0.46556234196473234,0.46556234196473234,Bpnt2
ENSMUSG00000039263,chol1,-0.005000823395700064,0.006826644399862212,-0.732544878974654,0.4656396163374048,0.4656396163374048,Npepl1
ENSMUSG00000021900,chol1,-0.006404230676505267,0.008742793259553697,-0.7325153971251736,0.46565751973217195,0.46565751973217195,Btd
ENSMUSG00000009621,chol1,-0.005177383266891108,0.0070726233541336175,-0.7320315260199979,0.4659514148619597,0.4659514148619597,Vav2
ENSMUSG00000073639,chol1,-0.008692306291490497,0.011889343237347541,-0.7311006266675594,0.4665171216268127,0.4665171216268127,Rab18
ENSMUSG00000062181,chol1,-0.13873719633893308,0.18976701374273724,-0.7310922673158354,0.4665222033515467,0.4665222033515467,Ces3b
ENSMUSG00000030744,chol1,-0.018218206662591125,0.0249975381073231,-0.728800035602468,0.46791684855334004,0.46791684855334004,Rps3
ENSMUSG00000056050,chol1,-0.03332599654730028,0.04575661387799632,-0.7283317912501007,0.4682020272565194,0.4682020272565194,Mia3
ENSMUSG00000034390,chol1,-0.0066004995651836925,0.009081111110165437,-0.7268383224377757,0.4691122597911801,0.4691122597911801,Cmip
ENSMUSG00000025130,chol1,-0.15430306390508103,0.21232393558786583,-0.7267341926281595,0.4691757614111923,0.4691757614111923,P4hb
ENSMUSG00000022201,chol1,0.007046926580621837,0.009713811329684465,0.7254543393371368,0.469956650404616,0.469956650404616,Zfr
ENSMUSG00000029577,chol1,0.00724854426946556,0.010024391229857117,0.7230907197512559,0.47140070379254395,0.47140070379254395,Ube3b
ENSMUSG00000032042,chol1,-0.023109499530742962,0.031988457598095814,-0.7224324417604495,0.47180332086425036,0.47180332086425036,Srpr
ENSMUSG00000042650,chol1,0.014614992423003088,0.020245131930832886,0.7219015649260738,0.47212815683614706,0.47212815683614706,Alkbh5
ENSMUSG00000031059,chol1,-0.00914762366433902,0.01269297313872714,-0.7206840796368651,0.4728735912429738,0.4728735912429738,Ndufb11
ENSMUSG00000036499,chol1,-0.005850554369258052,0.008118548845539515,-0.7206404100743272,0.4729003411947159,0.4729003411947159,Eea1
ENSMUSG00000027332,chol1,0.033477770726961203,0.046485185313950524,0.720181505158253,0.47318149625199113,0.47318149625199113,Ivd
ENSMUSG00000038612,chol1,-0.009664849191930483,0.013420379559126259,-0.7201621347108694,0.4731933659050861,0.4731933659050861,Mcl1
ENSMUSG00000022307,chol1,0.007023637044626781,0.009776161935625435,0.7184452437343387,0.47424608813989,0.47424608813989,Oxr1
ENSMUSG00000035811,chol1,0.028757595508907344,0.04007352234959691,0.717620858431892,0.4747520292025327,0.4747520292025327,Ugt2b35
ENSMUSG00000059481,chol1,-0.2772476555221669,0.38640741444214727,-0.7175008686684409,0.4748256943115079,0.4748256943115079,Plg
ENSMUSG00000026554,chol1,0.009283082675368764,0.012942922303724342,0.7172323573863644,0.47499056407325857,0.47499056407325857,Dcaf8
ENSMUSG00000030895,chol1,-1.8116328930351895,2.526695126887161,-0.7169970265732399,0.47513508679717065,0.47513508679717065,Hpx
ENSMUSG00000052562,chol1,-0.07079631034690616,0.09893227100097036,-0.7156038128975303,0.4759911972470908,0.4759911972470908,Slc22a30
ENSMUSG00000021248,chol1,-0.008704625240009988,0.01217032074458813,-0.715233839985749,0.476218684723797,0.476218684723797,Tmed10
ENSMUSG00000035929,chol1,-0.010769503362292368,0.01507143223318635,-0.7145640305225004,0.47663068844732404,0.47663068844732404,H2-Q4
ENSMUSG00000030483,chol1,0.07613435733289714,0.10668309329579892,0.7136496981935117,0.47719341962471573,0.47719341962471573,Cyp2b10
ENSMUSG00000075700,chol1,-0.014797687509148337,0.020777287526497556,-0.7122049733525921,0.4780833364495587,0.4780833364495587,Selenot
ENSMUSG00000028240,chol1,0.1022068923980334,0.14357410573581353,0.7118755284891085,0.4782863957749788,0.4782863957749788,Cyp7a1
ENSMUSG00000029657,chol1,-0.023469304164765215,0.03299900151139319,-0.7112125546181218,0.4786951768601351,0.4786951768601351,Hsph1
ENSMUSG00000069922,chol1,-0.30656863932633477,0.4312000847694676,-0.7109660924353378,0.47884719166002054,0.47884719166002054,Ces3a
ENSMUSG00000028410,chol1,0.041469198129859323,0.05834337082540366,0.710778234839372,0.4789630778655418,0.4789630778655418,Dnaja1
ENSMUSG00000092075,chol1,-0.09475447176277119,0.13340770215590947,-0.7102623778950525,0.47928138137420784,0.47928138137420784,NA
ENSMUSG00000037706,chol1,-0.030305336875005348,0.04266875389400472,-0.7102465881775721,0.4792911260847389,0.4792911260847389,Cd81
ENSMUSG00000020777,chol1,0.47069683892854364,0.6634552595587333,0.709462819303906,0.4797749713673951,0.4797749713673951,Acox1
ENSMUSG00000021135,chol1,-0.09791234198086818,0.13806058865533394,-0.7091983522198705,0.47993829630047846,0.47993829630047846,Slc10a1
ENSMUSG00000037798,chol1,0.6444759559070431,0.9103166874303256,0.7079689571837827,0.48069792869962324,0.48069792869962324,Mat1a
ENSMUSG00000040731,chol1,-0.008323795558846561,0.011778273989522857,-0.7067075843413761,0.48147801097455856,0.48147801097455856,Eif4h
ENSMUSG00000048758,chol1,-0.02911171748133733,0.041203626329149694,-0.7065328970994506,0.48158609953977904,0.48158609953977904,Rpl29
ENSMUSG00000074254,chol1,-0.3756035219689862,0.5316291091842164,-0.7065142135376089,0.4815976608768343,0.4815976608768343,Cyp2a4
ENSMUSG00000084128,chol1,-0.01055621038220783,0.014945064066507883,-0.7063342341813347,0.48170903946774235,0.48170903946774235,Esrp2
ENSMUSG00000035041,chol1,-0.04257440550709911,0.060456491448787994,-0.7042156183205471,0.48302119516060504,0.48302119516060504,Creb3l3
ENSMUSG00000000340,chol1,0.01602035116797685,0.022757543456350258,0.703957841438573,0.48318098262557463,0.48318098262557463,Dbt
ENSMUSG00000025364,chol1,-0.005741301564477652,0.008157361978779835,-0.7038184132827249,0.48326742173129633,0.48326742173129633,Pa2g4
ENSMUSG00000058301,chol1,-0.0065460621572054605,0.009301114072214242,-0.7037933419998462,0.4832829656892862,0.4832829656892862,Upf1
ENSMUSG00000043716,chol1,0.05901772944093819,0.08398177051570445,0.7027445251336059,0.48393346918762015,0.48393346918762015,Rpl7
ENSMUSG00000046070,chol1,-0.031543449557004,0.04494466193473366,-0.7018286087635899,0.4845019387509173,0.4845019387509173,Igfals
ENSMUSG00000038712,chol1,0.009519045556694028,0.013572890969181645,0.701327784796017,0.4848129338863997,0.4848129338863997,Mindy1
ENSMUSG00000036550,chol1,-0.014193943568593334,0.020240268058033865,-0.7012725092323768,0.4848472649158757,0.4848472649158757,Cnot1
ENSMUSG00000039831,chol1,0.011786395889479181,0.016810586627992657,0.7011293627226969,0.4849361778179043,0.4849361778179043,Arhgap29
ENSMUSG00000030603,chol1,-0.006261130780688984,0.008931164578057496,-0.7010430415840307,0.48498979899033956,0.48498979899033956,Psmc4
ENSMUSG00000020109,chol1,-0.004379159039443429,0.006252322933050912,-0.7004051272358951,0.48538616127922984,0.48538616127922984,Dnajb12
ENSMUSG00000022751,chol1,-0.020058385195581226,0.028640753461210002,-0.7003441869204864,0.48542403531079836,0.48542403531079836,Nit2
ENSMUSG00000025950,chol1,0.05943957362171838,0.08501081405823199,0.6992001462426011,0.4861353511053046,0.4861353511053046,Idh1
ENSMUSG00000026675,chol1,0.022975962106405144,0.032880658587530656,0.6987683061530381,0.48640399969144354,0.48640399969144354,Hsd17b7
ENSMUSG00000024387,chol1,-0.003785073531311073,0.00542572269305603,-0.6976164734985997,0.4871209556920568,0.4871209556920568,Csnk2b
ENSMUSG00000038235,chol1,-0.00979253394580725,0.014041641627062755,-0.6973923851562975,0.48726050639048935,0.48726050639048935,F11r
ENSMUSG00000042079,chol1,0.01268172066712016,0.018210700502221965,0.6963884044753144,0.4878860030883776,0.4878860030883776,Hnrnpf
ENSMUSG00000051652,chol1,-0.014663006776246098,0.021058545251346525,-0.6962972323697676,0.4879428266189656,0.4879428266189656,Lrrc3
ENSMUSG00000027782,chol1,-0.007213648151815454,0.010364158143331718,-0.6960187264661436,0.48811642945957845,0.48811642945957845,Kpna4
ENSMUSG00000028991,chol1,0.012828494588474357,0.018433653569012345,0.695927941818302,0.4881730261394083,0.4881730261394083,Mtor
ENSMUSG00000087579,chol1,0.03176870657218382,0.04566138728223161,0.6957455404458572,0.4882867490975764,0.4882867490975764,Hectd2os
ENSMUSG00000022766,chol1,-0.058392690092215434,0.08396077680999885,-0.6954758199100116,0.4884549400899013,0.4884549400899013,Serpind1
ENSMUSG00000041762,chol1,0.013937536442772158,0.020045894984350936,0.6952813258601155,0.4885762414096553,0.4885762414096553,Gpr155
ENSMUSG00000068749,chol1,0.004652313481027366,0.006702791244142545,0.6940859876984746,0.48932210751727856,0.48932210751727856,Psma5
ENSMUSG00000071072,chol1,-0.011149445845997533,0.01611502151458088,-0.6918666435480404,0.49070858228526226,0.49070858228526226,Ptges3
ENSMUSG00000057228,chol1,-0.020806576618076226,0.030077470484456664,-0.6917661719202278,0.4907713999072909,0.4907713999072909,Aadat
ENSMUSG00000050931,chol1,-0.008956561377980215,0.012960733255351424,-0.6910536002492061,0.4912170452507304,0.4912170452507304,Sgms2
ENSMUSG00000070644,chol1,-0.06427905550150247,0.09310885291618522,-0.6903645946467113,0.491648162150802,0.491648162150802,Etnk2
ENSMUSG00000022425,chol1,0.024224743329229106,0.03510527605782062,0.6900599012333478,0.4918388772892762,0.4918388772892762,Enpp2
ENSMUSG00000041638,chol1,-0.011776076837636991,0.017078448034457485,-0.6895285106631219,0.492171584262154,0.492171584262154,Gcn1
ENSMUSG00000032504,chol1,-0.008724969907267868,0.01265433045521001,-0.6894849109678216,0.4921988877480129,0.4921988877480129,Pdcd6ip
ENSMUSG00000033715,chol1,-0.09035488165247399,0.13116896539653886,-0.6888434423441612,0.49260069074104385,0.49260069074104385,Akr1c14
ENSMUSG00000021492,chol1,-0.05145826396363034,0.0747113554049633,-0.6887609478466483,0.49265237658867556,0.49265237658867556,F12
ENSMUSG00000030236,chol1,0.20205509617619932,0.2933905364339187,0.6886898897017043,0.4926968995066032,0.4926968995066032,Slco1b2
ENSMUSG00000018846,chol1,0.015111916808017841,0.021968476617834125,0.687890975369221,0.4931976262003438,0.4931976262003438,Pank3
ENSMUSG00000028572,chol1,0.009070537105759382,0.013187921561285162,0.687791253808114,0.4932601470128577,0.4932601470128577,Hook1
ENSMUSG00000076435,chol1,-0.038757028611773596,0.05635305286437791,-0.6877538419266869,0.49328360364671076,0.49328360364671076,Acsf2
ENSMUSG00000028757,chol1,-0.010310286462145135,0.015008987985323678,-0.6869408165445198,0.4937935070499371,0.4937935070499371,Ddost
ENSMUSG00000004364,chol1,0.004583782729613146,0.0066739266968091765,0.6868194599447227,0.4938696425837955,0.4938696425837955,Cul3
ENSMUSG00000029580,chol1,0.11821293651681995,0.17223671314452216,0.6863399466850522,0.49417053740638295,0.49417053740638295,Actb
ENSMUSG00000026712,chol1,-0.010780993705926441,0.015734879803519976,-0.6851653041235609,0.49490804695903245,0.49490804695903245,Mrc1
ENSMUSG00000025369,chol1,-0.009420129153356688,0.013750282270778704,-0.6850862380749663,0.4949577107199853,0.4949577107199853,Smarcc2
ENSMUSG00000015357,chol1,0.06056787559948682,0.08851776350175362,0.6842454350791061,0.4954860116562507,0.4954860116562507,Clpx
ENSMUSG00000045216,chol1,-0.027616341558967108,0.04037254052447696,-0.684037744471987,0.4956165567886397,0.4956165567886397,Hs6st1
ENSMUSG00000074828,chol1,-0.03599236914612406,0.0527759066122235,-0.6819848574195373,0.4969079136322333,0.4969079136322333,NA
ENSMUSG00000096979,chol1,0.08352394770150075,0.12265739005870967,0.6809532443297727,0.4975575309643011,0.4975575309643011,NA
ENSMUSG00000025278,chol1,-0.015230870708879705,0.02242762088881305,-0.6791121886885871,0.4987180030149764,0.4987180030149764,Flnb
ENSMUSG00000033533,chol1,0.04709898326172509,0.06936999381899825,0.6789532572918605,0.49881825068388264,0.49881825068388264,Acsm1
ENSMUSG00000028788,chol1,0.009070528323331136,0.013363308838414766,0.6787636530001154,0.49893785983856154,0.49893785983856154,Ptp4a2
ENSMUSG00000021877,chol1,0.011399539740487876,0.0168090079877766,0.6781803987943575,0.49930589445878604,0.49930589445878604,Arf4
ENSMUSG00000035376,chol1,0.004981703274468106,0.007357573636637459,0.6770850718586667,0.4999974436892779,0.4999974436892779,Hacd2
ENSMUSG00000001249,chol1,-0.04470716870011451,0.06612616995041679,-0.6760888878584252,0.5006268457544079,0.5006268457544079,Hpn
ENSMUSG00000010122,chol1,0.0234544209624508,0.03471882821590572,0.6755533572906023,0.5009653772365978,0.5009653772365978,Slc47a1
ENSMUSG00000022253,chol1,-0.021881863510732597,0.032403281549374316,-0.6752977619686522,0.5011269932639493,0.5011269932639493,Nadk2
ENSMUSG00000020534,chol1,0.0470064503921956,0.06966712769037287,0.6747292726220907,0.5014865565758874,0.5014865565758874,Shmt1
ENSMUSG00000006998,chol1,-0.01461017233362891,0.02175237972586154,-0.6716585733495074,0.503431137349026,0.503431137349026,Psmd2
ENSMUSG00000078798,chol1,-0.1268765196183946,0.18913659145652986,-0.6708195312251634,0.5039631801037434,0.5039631801037434,Sult2a1
ENSMUSG00000067344,chol1,0.03587468663090553,0.05350067025091706,0.6705464896543161,0.5041363827444325,0.5041363827444325,NA
ENSMUSG00000068798,chol1,-0.005072633135585201,0.007567702668460634,-0.6703002691590998,0.5042925989126531,0.5042925989126531,Rap1a
ENSMUSG00000061838,chol1,-0.04466778674197738,0.06670655953678237,-0.6696161075036005,0.5047268057786196,0.5047268057786196,Suclg2
ENSMUSG00000018326,chol1,-0.005954809025236558,0.00889316291096201,-0.6695940561143281,0.5047408041407017,0.5047408041407017,Ywhab
ENSMUSG00000073155,chol1,0.010827696722087816,0.016209676168740295,0.6679773617543694,0.5057676580825805,0.5057676580825805,1810058I24Rik
ENSMUSG00000038522,chol1,-0.00787070633970776,0.011790557066398314,-0.6675432123676613,0.5060436010295326,0.5060436010295326,Mfsd4b1
ENSMUSG00000040017,chol1,-0.127303436943026,0.1915940639941435,-0.6644435338399488,0.5080160754508979,0.5080160754508979,Saa4
ENSMUSG00000029686,chol1,0.004730491385471117,0.007129964744236166,0.6634663080620737,0.5086387797442848,0.5086387797442848,Cul1
ENSMUSG00000073700,chol1,-0.010917428384463702,0.01646701369611729,-0.6629877515094246,0.5089438720280506,0.5089438720280506,Klhl21
ENSMUSG00000039952,chol1,-0.01045110594019339,0.015777380022645386,-0.6624107377265962,0.5093118628572223,0.5093118628572223,Dag1
ENSMUSG00000013846,chol1,-0.02211250738326687,0.03342662236695708,-0.6615238339224351,0.5098777620914802,0.5098777620914802,St3gal1
ENSMUSG00000028150,chol1,-0.013312488053314503,0.02012425507733365,-0.6615145754293595,0.509883671342457,0.509883671342457,Rorc
ENSMUSG00000004069,chol1,-0.009983439009479851,0.015124072312954375,-0.6601025704517847,0.5107853122165229,0.5107853122165229,Dnaja3
ENSMUSG00000038145,chol1,-0.013278268010435593,0.020115581570185836,-0.6600986386650576,0.5107878240543903,0.5107878240543903,Snrk
ENSMUSG00000032312,chol1,-0.004499706864931461,0.006836568743351375,-0.6581820550414953,0.5120130215486856,0.5120130215486856,Csk
ENSMUSG00000021910,chol1,0.012461409622786074,0.01893926627992997,0.6579668630559088,0.5121506826186336,0.5121506826186336,Nisch
ENSMUSG00000056216,chol1,-0.006651091130608489,0.01011440886566197,-0.6575857490978725,0.5123945342134164,0.5123945342134164,Cebpg
ENSMUSG00000028673,chol1,-0.007195948760558269,0.010943067538908575,-0.6575805856057039,0.5123978384395603,0.5123978384395603,Fuca1
ENSMUSG00000024646,chol1,0.12636075292101842,0.19230287049389594,0.6570923907505029,0.5127102954621305,0.5127102954621305,Cyb5a
ENSMUSG00000073609,chol1,0.00857249343470437,0.013056540979360744,0.6565669612078286,0.5130466962992954,0.5130466962992954,D2hgdh
ENSMUSG00000023764,chol1,0.021597191301951854,0.03295208390270334,0.6554120026436341,0.5137865569325396,0.5137865569325396,Sfi1
ENSMUSG00000018707,chol1,-0.018120521435152043,0.027681804610231137,-0.6546004384574963,0.5143067780571111,0.5143067780571111,Dync1h1
ENSMUSG00000021500,chol1,-0.0045060057171885754,0.006889546839928807,-0.6540351378516991,0.5146693059849827,0.5146693059849827,Ddx46
ENSMUSG00000062949,chol1,-0.02776031513419023,0.042552174972993406,-0.6523829898661789,0.5157296032049425,0.5157296032049425,Atp11c
ENSMUSG00000026864,chol1,0.17663403160813151,0.2708206794218768,0.6522176666316386,0.5158357658580892,0.5158357658580892,Hspa5
ENSMUSG00000020986,chol1,0.010425563323890764,0.015987692296283607,0.6520993230720497,0.5159117674896745,0.5159117674896745,Sec23a
ENSMUSG00000048486,chol1,0.010802936904280148,0.01657399143715802,0.6518005602476981,0.5161036627543198,0.5161036627543198,Fitm2
ENSMUSG00000052392,chol1,0.01595313571434721,0.024512145601926102,0.6508257568890116,0.5167300400475303,0.5167300400475303,Acot4
ENSMUSG00000009863,chol1,-0.01999593072213947,0.030725106111627678,-0.650801030580401,0.5167459335805038,0.5167459335805038,Sdhb
ENSMUSG00000059890,chol1,-0.013745415615501841,0.021129394344867047,-0.650535239730665,0.5169167944006797,0.5169167944006797,Ube4a
ENSMUSG00000020150,chol1,0.02096376279694509,0.03224349857177924,0.6501702273491311,0.517151487165147,0.517151487165147,Gamt
ENSMUSG00000028756,chol1,-0.017724504266365886,0.027264412228968617,-0.650096694457014,0.5171987735431431,0.5171987735431431,Pink1
ENSMUSG00000022451,chol1,0.0049564480243841635,0.007631904238692561,0.6494379213061594,0.5176225084749424,0.5176225084749424,Twf1
ENSMUSG00000024431,chol1,0.009299601475792372,0.014324032922144136,0.6492306689281424,0.5177558547212626,0.5177558547212626,Nr3c1
ENSMUSG00000020283,chol1,-0.005289906492969744,0.008155963874089714,-0.6485936640517733,0.518165816859759,0.518165816859759,Pex13
ENSMUSG00000005871,chol1,-0.004946021215591397,0.007633238068421274,-0.6479584641874462,0.5185747870516921,0.5185747870516921,Apc
ENSMUSG00000026457,chol1,-0.007146285592512546,0.011034251705861146,-0.6476456929758635,0.5187762254425685,0.5187762254425685,Adipor1
ENSMUSG00000024248,chol1,-0.006333854711083931,0.009800952279008832,-0.6462489083483705,0.5196763169903782,0.5196763169903782,Cox7a2l
ENSMUSG00000024083,chol1,0.0042045333689222485,0.0065108500842927745,0.6457733344322512,0.5199829647025036,0.5199829647025036,Pja2
ENSMUSG00000032232,chol1,-0.020953345889909675,0.03246657090190131,-0.6453821671903947,0.5202352584388183,0.5202352584388183,Cgnl1
ENSMUSG00000016942,chol1,-0.060927468378953166,0.094411767571409,-0.6453376517166703,0.5202639739420127,0.5202639739420127,Tmprss6
ENSMUSG00000059434,chol1,-0.019175299162225233,0.02971538304079944,-0.6452987375561474,0.5202890768977584,0.5202890768977584,Gckr
ENSMUSG00000022752,chol1,-0.009617046822396896,0.014903642646589688,-0.6452816301655963,0.5203001128258669,0.5203001128258669,Tomm70a
ENSMUSG00000061808,chol1,-0.5462159369214993,0.8468804827014262,-0.6449740525122853,0.5204985511903963,0.5204985511903963,Ttr
ENSMUSG00000036333,chol1,-0.00678907491755711,0.010526337303494738,-0.6449607989764057,0.5205071027993433,0.5205071027993433,Kidins220
ENSMUSG00000025198,chol1,0.008758113758276578,0.013588454621234355,0.6445261070814102,0.5207876207934455,0.5207876207934455,Erlin1
ENSMUSG00000047454,chol1,-0.008986979318242487,0.01395217900261194,-0.6441272948519414,0.5210450542694822,0.5210450542694822,Gphn
ENSMUSG00000081406,chol1,0.07358851787912965,0.11449264667938787,0.6427357565171721,0.5219438139194175,0.5219438139194175,Rps6-ps4
ENSMUSG00000028538,chol1,0.007641162939874805,0.01189222812158318,0.6425341712043745,0.5220740799315062,0.5220740799315062,St3gal3
ENSMUSG00000022629,chol1,-0.008184904641771643,0.012740812102357644,-0.6424162428592015,0.5221502940255522,0.5221502940255522,Kif21a
ENSMUSG00000026083,chol1,0.005516164403612852,0.008599956695978524,0.6414176952998261,0.52279586275274,0.52279586275274,Eif5b
ENSMUSG00000034341,chol1,-0.007801807974789246,0.012164266118273937,-0.6413710370138048,0.5228260378759031,0.5228260378759031,Wbp2
ENSMUSG00000021477,chol1,-0.07452430640342339,0.11619924806081355,-0.6413492999922052,0.5228400960815398,0.5228400960815398,Ctsl
ENSMUSG00000012405,chol1,-0.033622346156826646,0.052487468223030326,-0.6405785475107735,0.5233387001257113,0.5233387001257113,Rpl15
ENSMUSG00000026626,chol1,-0.019122075193084283,0.029853032931841935,-0.6405404515093083,0.5233633510668265,0.5233633510668265,Ppp2r5a
ENSMUSG00000023861,chol1,-0.02783116203580129,0.04346402866980351,-0.6403263316255102,0.523501913787976,0.523501913787976,Mpc1
ENSMUSG00000027808,chol1,-0.036129767437855634,0.0565578949675709,-0.6388103280465385,0.5244835069812094,0.5244835069812094,Serp1
ENSMUSG00000001665,chol1,0.034984857328591634,0.054794383434096164,0.6384752439211147,0.5247005989089191,0.5247005989089191,Gstt3
ENSMUSG00000028936,chol1,-0.0072127488569928,0.011300544009919212,-0.6382656313414388,0.5248364249854836,0.5248364249854836,Rpl22
ENSMUSG00000010110,chol1,0.0047884900681068885,0.007503705772516565,0.6381500305682885,0.5249113405243251,0.5249113405243251,Stx5a
ENSMUSG00000024991,chol1,0.015396602104338691,0.024210226029369068,0.6359544964867863,0.5263352201972644,0.5263352201972644,Eif3a
ENSMUSG00000021215,chol1,0.010706055828690985,0.016835604977686717,0.6359175000173972,0.5263592308478485,0.5263592308478485,Net1
ENSMUSG00000041698,chol1,-0.17709989267356172,0.2785863803665605,-0.635709083985139,0.5264945031458392,0.5264945031458392,Slco1a1
ENSMUSG00000024286,chol1,0.0060175637802326355,0.009470102518416845,0.6354275224085553,0.5266772791549401,0.5266772791549401,Ccny
ENSMUSG00000060373,chol1,-0.00792813782385204,0.012480849444228455,-0.6352242176527709,0.5268092751222435,0.5268092751222435,Hnrnpc
ENSMUSG00000047412,chol1,0.0067895518378522516,0.010693358760193178,0.6349316421634391,0.5269992603746677,0.5269992603746677,Zbtb44
ENSMUSG00000033845,chol1,0.004533559552612784,0.007141315824834757,0.6348353250036642,0.5270618121407609,0.5270618121407609,Mrpl15
ENSMUSG00000048856,chol1,-0.13058023703946067,0.20586547556166176,-0.6342988628044565,0.5274102800521976,0.5274102800521976,Slc25a47
ENSMUSG00000027366,chol1,0.018188276017943688,0.028686387031600008,0.6340385771797635,0.5275793958943837,0.5275793958943837,Sppl2a
ENSMUSG00000047728,chol1,0.019171894938049428,0.030253726444646706,0.6337035860070662,0.5277970916396592,0.5277970916396592,Ly6g2
ENSMUSG00000074491,chol1,-0.007489194083054231,0.011828780638028755,-0.6331332292169628,0.5281678479435581,0.5281678479435581,Clec4g
ENSMUSG00000029684,chol1,-0.004808966213481888,0.007602389563278402,-0.6325598252305427,0.5285407208868369,0.5285407208868369,Wasl
ENSMUSG00000022961,chol1,0.018369020716198385,0.0290866910584577,0.6315266552417664,0.5292129138500604,0.5292129138500604,Son
ENSMUSG00000034781,chol1,-0.004417271764493147,0.006997418008432016,-0.6312716718038359,0.5293788771188364,0.5293788771188364,Gna11
ENSMUSG00000036932,chol1,-0.009146505798985691,0.014500086967976056,-0.6307897200331326,0.5296926426499183,0.5296926426499183,Aifm1
ENSMUSG00000028015,chol1,0.006212411852834054,0.009872961456815597,0.6292348937051144,0.5307055369866678,0.5307055369866678,Ctso
ENSMUSG00000021832,chol1,0.005244718962295821,0.00834135509539646,0.6287610229170495,0.5310144393893117,0.5310144393893117,Psmc6
ENSMUSG00000006740,chol1,0.0077672454602595075,0.012356710367984683,0.6285852163682547,0.5311290660590993,0.5311290660590993,Kif5b
ENSMUSG00000050199,chol1,-0.006992445217451217,0.011124164294572265,-0.6285816203616295,0.5311314108048356,0.5311314108048356,Lgr4
ENSMUSG00000078674,chol1,-1.4063739740487833,2.2437472753528027,-0.6267969612699129,0.5322957404854691,0.5322957404854691,Mup18
ENSMUSG00000024853,chol1,-0.0054400563539146315,0.00867925131649857,-0.6267886659271538,0.5323011555150018,0.5323011555150018,Sf3b2
ENSMUSG00000044533,chol1,-0.12983092788076564,0.20720633687389942,-0.6265779794166116,0.5324386968437695,0.5324386968437695,Rps2
ENSMUSG00000024661,chol1,-0.11617646804315447,0.18542582337344823,-0.6265387739936021,0.5324642931235732,0.5324642931235732,Fth1
ENSMUSG00000025764,chol1,0.0069336850035732565,0.01106808503759625,0.6264575109443777,0.5325173498331877,0.5325173498331877,Jade1
ENSMUSG00000026466,chol1,0.004546541402261044,0.007258951019495503,0.6263358700245134,0.5325967743664729,0.5325967743664729,Tor1aip1
ENSMUSG00000061292,chol1,0.017454382646955015,0.027889373654035977,0.6258434794368043,0.5329183393482614,0.5329183393482614,Cyp3a59
ENSMUSG00000008393,chol1,-0.011074273770675306,0.01769720782747383,-0.6257638989515157,0.5329703202526033,0.5329703202526033,Carhsp1
ENSMUSG00000030934,chol1,0.23700660038229387,0.37948733671756546,0.6245441611631081,0.5337673624439452,0.5337673624439452,Oat
ENSMUSG00000001229,chol1,-0.008181971482938834,0.013107299985189155,-0.6242301230752489,0.5339726707808424,0.5339726707808424,Dpp9
ENSMUSG00000033295,chol1,-0.0286659439388329,0.04596970545999748,-0.6235833719617326,0.5343956241541741,0.5343956241541741,Ptprf
ENSMUSG00000034591,chol1,0.028037040450831267,0.045014241764990234,0.6228482220628458,0.5348765958536631,0.5348765958536631,Slc41a2
ENSMUSG00000074882,chol1,0.11377062957956272,0.18286296148066936,0.6221633329042936,0.5353248839530008,0.5353248839530008,Cyp2c68
ENSMUSG00000037820,chol1,-0.04559705224683787,0.07331455860472139,-0.6219372129439713,0.5354729309883998,0.5354729309883998,Tgm2
ENSMUSG00000075703,chol1,-0.011960580974849526,0.0192320069844638,-0.6219101825676148,0.5354906299309165,0.5354906299309165,Selenoi
ENSMUSG00000037797,chol1,0.04541213378565716,0.07318358629100177,0.6205234819332811,0.5363990149457154,0.5363990149457154,Adh4
ENSMUSG00000022565,chol1,0.019396231175898247,0.03134730587768541,0.6187527327413952,0.5375601224007103,0.5375601224007103,Plec
ENSMUSG00000021892,chol1,-0.005081218734124877,0.00822106836561728,-0.6180727988318284,0.5380063060402391,0.5380063060402391,Sh3bp5
ENSMUSG00000052707,chol1,-0.004874931290414232,0.007893452582623342,-0.6175917622088353,0.5383220840801268,0.5383220840801268,Tnrc6a
ENSMUSG00000031353,chol1,0.003205586011830449,0.005193520472967655,0.617227953276697,0.5385609703462317,0.5385609703462317,Rbbp7
ENSMUSG00000028601,chol1,0.03104635976959032,0.05031391151558034,0.617053193329571,0.5386757414051337,0.5386757414051337,Echdc2
ENSMUSG00000021282,chol1,-0.018239600356463253,0.029605951642178538,-0.6160788403936305,0.5393158618419183,0.5393158618419183,Eif5
ENSMUSG00000003526,chol1,0.037205823740109,0.0604021770306058,0.6159682575887422,0.5393885358552285,0.5393885358552285,Prodh
ENSMUSG00000034088,chol1,-0.042001352020389224,0.06823822723815032,-0.6155105975101782,0.5396893588710814,0.5396893588710814,Hdlbp
ENSMUSG00000025332,chol1,0.009042643769211564,0.014693063493253061,0.615436241282417,0.5397382417711049,0.5397382417711049,Kdm5c
ENSMUSG00000028820,chol1,-0.006618349721459254,0.010763984390793195,-0.6148605833282474,0.5401167641286975,0.5401167641286975,Sfpq
ENSMUSG00000002546,chol1,0.0032596678606176977,0.005305741062492263,0.614366178489407,0.5404419663820168,0.5404419663820168,Golga2
ENSMUSG00000073940,chol1,0.0682326809653782,0.11119349749575583,0.6136391291044927,0.5409203747215593,0.5409203747215593,Hbb-bt
ENSMUSG00000032249,chol1,-0.01294857164997718,0.021150360220778073,-0.6122151828533174,0.5418579730460312,0.5418579730460312,Anp32a
ENSMUSG00000037095,chol1,-0.17049589003883223,0.27862865181323043,-0.6119108316007592,0.5420584801265107,0.5420584801265107,Lrg1
ENSMUSG00000033107,chol1,0.018724589895041378,0.030604638982506493,0.6118219497947448,0.5421170426914144,0.5421170426914144,Rnf125
ENSMUSG00000040413,chol1,-0.0114153797539198,0.018660108259110356,-0.6117531364453103,0.5421623847260744,0.5421623847260744,Timd2
ENSMUSG00000034456,chol1,-0.07529415701604088,0.12310384772600122,-0.6116312236123366,0.5422427194364708,0.5422427194364708,Uroc1
ENSMUSG00000029260,chol1,-0.08051519265375712,0.13179587208412596,-0.6109083037317274,0.5427192128326044,0.5427192128326044,Ugt2b34
ENSMUSG00000028468,chol1,0.005422560594449847,0.008882867834025192,0.610451567643404,0.5430203674904117,0.5430203674904117,Rgp1
ENSMUSG00000051043,chol1,-0.00804978254879844,0.01319180446839967,-0.6102108750991047,0.5431791051459993,0.5431791051459993,Gprc5c
ENSMUSG00000029368,chol1,-12.775049234120589,20.935973092250617,-0.6101961049448058,0.5431888468837289,0.5431888468837289,Alb
ENSMUSG00000024098,chol1,0.0033357283818806435,0.005469302691897902,0.609900122518747,0.543384082373942,0.543384082373942,Twsg1
ENSMUSG00000022200,chol1,0.005161358090596771,0.008463127278435824,0.6098641696844131,0.5434077999461369,0.5434077999461369,Golph3
ENSMUSG00000008475,chol1,-0.0035785829724214475,0.005880454752101557,-0.6085554813839072,0.5442714791238614,0.5442714791238614,Arpc5
ENSMUSG00000020346,chol1,-0.005791152779810749,0.00952256718996523,-0.6081503720880435,0.5445389746400839,0.5445389746400839,Mgat1
ENSMUSG00000068874,chol1,0.045936159624938626,0.07564564032346101,0.6072545546381187,0.5451307225152793,0.5451307225152793,Selenbp1
ENSMUSG00000040356,chol1,-0.004527626591815114,0.007463930939563095,-0.6066008151034876,0.5455627661847642,0.5455627661847642,Skiv2l
ENSMUSG00000068036,chol1,0.006511688077423141,0.010743509691864913,0.6061043610686974,0.545890978190011,0.545890978190011,Afdn
ENSMUSG00000025993,chol1,-0.029279326034733648,0.04835986028339433,-0.6054468698452278,0.54632580693737,0.54632580693737,Slc40a1
ENSMUSG00000021486,chol1,-0.007480421599607337,0.01238430327204392,-0.6040244198875113,0.5472671337932318,0.5472671337932318,Prelid1
ENSMUSG00000002222,chol1,0.02173876413152979,0.035998096082040514,0.6038864967187885,0.5473584497839792,0.5473584497839792,Rmnd5a
ENSMUSG00000022098,chol1,-0.014456826658974862,0.023942469670945807,-0.6038151810428406,0.5474056693763543,0.5474056693763543,Bmp1
ENSMUSG00000062825,chol1,0.0540338877743433,0.08956403138913084,0.6032989687520994,0.5477475252941997,0.5477475252941997,Actg1
ENSMUSG00000029664,chol1,0.008560910100653523,0.014226260835633739,0.6017681103674323,0.5487619495079447,0.5487619495079447,Tfpi2
ENSMUSG00000021794,chol1,0.12335662177870015,0.20510770373817308,0.6014236400216788,0.5489903427605713,0.5489903427605713,Glud1
ENSMUSG00000096210,chol1,-0.01052627724059548,0.01750371770259389,-0.6013738006661055,0.549023391560573,0.549023391560573,H1f0
ENSMUSG00000003477,chol1,-0.09474576798890996,0.15758931918949518,-0.6012194765241785,0.5491257312243153,0.5491257312243153,Inmt
ENSMUSG00000078566,chol1,0.02410457388002518,0.04009424465416562,0.6011978549026192,0.549140070311392,0.549140070311392,Bnip3
ENSMUSG00000029048,chol1,-0.004948432379607542,0.008239607212834153,-0.6005665381597048,0.5495588314118187,0.5495588314118187,Rer1
ENSMUSG00000032310,chol1,0.1435371882453226,0.23926319494431952,0.5999133643547896,0.5499922588668718,0.5499922588668718,Cyp1a2
ENSMUSG00000052656,chol1,-0.012271536451382374,0.020458574932070223,-0.5998236188066988,0.5500518248109733,0.5500518248109733,Rnf103
ENSMUSG00000021111,chol1,0.009675149086024749,0.016130969163426316,0.5997872160069079,0.5500759870092642,0.5500759870092642,Papola
ENSMUSG00000033610,chol1,-0.03960636545233809,0.06614724631620793,-0.5987606084613899,0.5507576118638797,0.5507576118638797,Pank1
ENSMUSG00000056204,chol1,0.008343772139037886,0.013943474082685217,0.5983998026287473,0.5509972722089326,0.5509972722089326,Pgpep1
ENSMUSG00000027184,chol1,-0.022703772182089004,0.038000601600716825,-0.5974582302839314,0.5516229441032445,0.5516229441032445,Caprin1
ENSMUSG00000038095,chol1,-0.005059734030187444,0.008497167125136132,-0.5954612820571519,0.5529510825770125,0.5529510825770125,Sbno1
ENSMUSG00000032116,chol1,0.011496667025426021,0.01930838556922046,0.5954235264367665,0.5529762085737454,0.5529762085737454,Stt3a
ENSMUSG00000040385,chol1,0.014001841856019832,0.023524766298389687,0.595195789765541,0.553127777164364,0.553127777164364,Ppp1ca
ENSMUSG00000036781,chol1,0.006822809731274952,0.011467055134256877,0.5949923194223051,0.5532632129624029,0.5532632129624029,Rps27l
ENSMUSG00000021364,chol1,-0.08566844215221152,0.14402521535894408,-0.5948155809988271,0.5533808686122537,0.5533808686122537,Elovl2
ENSMUSG00000063015,chol1,-0.009708169165066593,0.016358089495354788,-0.5934781789660355,0.5542715873100497,0.5542715873100497,Ccni
ENSMUSG00000007739,chol1,-0.0058593549650855364,0.009883133333386545,-0.5928641016398972,0.5546808055139809,0.5546808055139809,Cct4
ENSMUSG00000026669,chol1,-0.023060211424044838,0.03889853934933466,-0.5928297517022132,0.5547037005803429,0.5547037005803429,Mcm10
ENSMUSG00000037710,chol1,0.012991871087729574,0.02193271278210315,0.5923513072368685,0.5550226442119011,0.5550226442119011,Cisd1
ENSMUSG00000039428,chol1,0.008417614666655195,0.014228513818532929,0.5916018196989119,0.5555224552176548,0.5555224552176548,Tmem135
ENSMUSG00000030382,chol1,0.10871754991777224,0.1839115397060054,0.5911404476933004,0.5558302415103897,0.5558302415103897,Slc27a5
ENSMUSG00000036478,chol1,-0.008029230762607514,0.013591083585323223,-0.5907719360418137,0.5560761403721097,0.5560761403721097,Btg1
ENSMUSG00000043483,chol1,0.013399059419154303,0.02268084796105178,0.5907653647766417,0.556080525706776,0.556080525706776,Gm6863
ENSMUSG00000031246,chol1,-0.0077777731808749495,0.013175730576236057,-0.5903105817071773,0.5563840668827125,0.5563840668827125,Sh3bgrl
ENSMUSG00000020122,chol1,0.18513575395424509,0.31371000155695256,0.5901493514245977,0.556491698397783,0.556491698397783,Egfr
ENSMUSG00000020376,chol1,-0.0053212233405946175,0.009021193768038466,-0.5898580029892921,0.5566862182445265,0.5566862182445265,Rnf130
ENSMUSG00000020003,chol1,0.007743128826168202,0.013133004389933745,0.589593104233118,0.556863108082237,0.556863108082237,Pex7
ENSMUSG00000037795,chol1,-0.006007496835742762,0.0101968451480367,-0.5891525024187941,0.5571573876975098,0.5571573876975098,N4bp2
ENSMUSG00000006418,chol1,0.0035758357944222995,0.006073885444012947,0.5887229562333967,0.5574443572684936,0.5574443572684936,Rnf114
ENSMUSG00000031613,chol1,0.01947392109590928,0.03308370810068489,0.5886257077545106,0.5575093368061819,0.5575093368061819,Hpgd
ENSMUSG00000015839,chol1,-0.009529194771872111,0.016217173320182004,-0.5875989966767627,0.5581955935519302,0.5581955935519302,Nfe2l2
ENSMUSG00000020372,chol1,-0.01682895682833789,0.0286708786584339,-0.586970390019332,0.5586159619500437,0.5586159619500437,Rack1
ENSMUSG00000037149,chol1,0.006300984880447051,0.010739998235846265,0.5866839772297747,0.5588075467018282,0.5588075467018282,Ddx1
ENSMUSG00000027465,chol1,-0.004119904297362682,0.007024464237125829,-0.5865079753112112,0.5589252924555862,0.5589252924555862,Tbc1d20
ENSMUSG00000021048,chol1,-0.020715793948734715,0.03534299900841938,-0.5861357137180072,0.559174376772141,0.559174376772141,Mthfd1
ENSMUSG00000070594,chol1,0.06418256726737322,0.10964645655356663,0.5853592472093934,0.5596940951366577,0.5596940951366577,Cfhr4
ENSMUSG00000048578,chol1,-0.021945186368293665,0.03750746926918696,-0.585088431607995,0.5598754182164568,0.5598754182164568,Mlec
ENSMUSG00000022868,chol1,-0.849390833340507,1.4526486216578418,-0.5847187135806703,0.5601230075731181,0.5601230075731181,Ahsg
ENSMUSG00000020747,chol1,-0.0053303137996056444,0.00911650810920112,-0.5846880994079147,0.5601435114064437,0.5601435114064437,Tmem94
ENSMUSG00000018428,chol1,-0.010308541385040584,0.017647633658439996,-0.5841316509939288,0.560516256961054,0.560516256961054,Akap1
ENSMUSG00000025270,chol1,0.045496323563599374,0.07790112689638089,0.5840265138155919,0.5605866984290258,0.5605866984290258,Alas2
ENSMUSG00000020277,chol1,-0.009577894326723539,0.016439237017010035,-0.582624018183635,0.5615267809710998,0.5615267809710998,Pfkl
ENSMUSG00000025812,chol1,-0.005617699649563876,0.009645222327255095,-0.5824334016323914,0.561654609607177,0.561654609607177,Pard3
ENSMUSG00000020091,chol1,0.008585444675007103,0.01474484355509568,0.5822676003937698,0.5617658085628181,0.5617658085628181,Eif4ebp2
ENSMUSG00000020720,chol1,0.004486872766723213,0.007716111235826284,0.5814940492161961,0.5622847538170885,0.5622847538170885,Psmd12
ENSMUSG00000044783,chol1,-0.07033521008946021,0.1210323063530702,-0.5811275700578769,0.5625306924507525,0.5625306924507525,A730008H23Rik
ENSMUSG00000025860,chol1,-0.012561569256334955,0.021635156107978924,-0.5806091342092198,0.5628786970097809,0.5628786970097809,Xiap
ENSMUSG00000026234,chol1,-0.011342874049646585,0.019538854659706405,-0.580529117350885,0.5629324184192366,0.5629324184192366,Ncl
ENSMUSG00000028053,chol1,0.00526682842407073,0.009079633798955905,0.58007057781079,0.5632403193791391,0.5632403193791391,Ash1l
ENSMUSG00000031751,chol1,-0.02527034935982987,0.0436126307109259,-0.5794273114898135,0.563672400014058,0.563672400014058,Amfr
ENSMUSG00000027170,chol1,0.003177097020001533,0.005486205277292834,0.5791064787807704,0.5638879633007234,0.5638879633007234,Eif3m
ENSMUSG00000001472,chol1,-0.007644680689851126,0.013219399361399887,-0.5782925896144181,0.5644349856576709,0.5644349856576709,Tcf25
ENSMUSG00000022389,chol1,-0.04149456897219755,0.07205107660865182,-0.5759049125327702,0.5660412606871312,0.5660412606871312,Tef
ENSMUSG00000001847,chol1,0.006004329263567562,0.01042797017894766,0.5757907973010227,0.5661180858285975,0.5661180858285975,Rac1
ENSMUSG00000030465,chol1,0.007169202736329116,0.012452228533515483,0.5757365211402142,0.5661546276402754,0.5661546276402754,Psd3
ENSMUSG00000025795,chol1,0.01866485840486994,0.03246546345178398,0.5749142756760586,0.5667083508749023,0.5667083508749023,Rassf3
ENSMUSG00000060636,chol1,0.023653946496069434,0.04118318016168449,0.5743593963167591,0.5670821712631873,0.5670821712631873,Rpl35a
ENSMUSG00000022270,chol1,0.016430150377558315,0.028673116756133987,0.5730158502578359,0.5679878106694093,0.5679878106694093,Retreg1
ENSMUSG00000032092,chol1,0.010303601785760418,0.017983929980238525,0.5729338246469173,0.5680431241486839,0.5680431241486839,Mpzl2
ENSMUSG00000056973,chol1,0.18952592585736264,0.3312452269654075,0.572161982811469,0.5685637392456507,0.5685637392456507,Ces1d
ENSMUSG00000014294,chol1,-0.005358497860359381,0.009366758312677873,-0.5720760247551893,0.5686217331565158,0.5686217331565158,Ndufa2
ENSMUSG00000038900,chol1,0.03369881157386278,0.058910192300171894,0.5720370322702961,0.5686480414304136,0.5686480414304136,Rpl12
ENSMUSG00000003847,chol1,0.0059277489000439205,0.010367130772975545,0.5717829773591787,0.5688194670353637,0.5688194670353637,Nfat5
ENSMUSG00000066551,chol1,0.01382110241000164,0.024176065665465967,0.571685343730028,0.5688853527873186,0.5688853527873186,Hmgb1
ENSMUSG00000039159,chol1,-0.009641555867436993,0.01688313940079796,-0.5710760089430582,0.569296631664826,0.569296631664826,Ube2h
ENSMUSG00000024892,chol1,0.0558410077405911,0.0978077366029037,0.5709262853848036,0.569397711701348,0.569397711701348,Pcx
ENSMUSG00000040225,chol1,0.005889231322272062,0.010322427359905698,0.5705277564022369,0.5696668054458424,0.5696668054458424,Prrc2c
ENSMUSG00000039087,chol1,0.007378154742941768,0.012939184707606615,0.5702179008700865,0.5698760679084784,0.5698760679084784,Rreb1
ENSMUSG00000042350,chol1,0.006942075365288755,0.012196963620880626,0.5691642265296463,0.5705879506156215,0.5705879506156215,Arel1
ENSMUSG00000064294,chol1,-0.2683489013784965,0.4720526500324937,-0.5684723967973164,0.5710555980594303,0.5710555980594303,Aox3
ENSMUSG00000047187,chol1,-0.004869468447834979,0.008578471222371754,-0.5676382564688118,0.5716196877378985,0.5716196877378985,Rab2a
ENSMUSG00000020964,chol1,-0.016858666104132,0.02972624894811929,-0.5671306236301505,0.5719631075425041,0.5719631075425041,Sel1l
ENSMUSG00000020220,chol1,-0.013235502062148597,0.02334049286932771,-0.5670618069741655,0.5720096705158886,0.5720096705158886,Vps13d
ENSMUSG00000021054,chol1,-0.004896980265367071,0.008638214257482926,-0.5668972914309252,0.5721209930312472,0.5721209930312472,Sgpp1
ENSMUSG00000035780,chol1,0.03715162879603249,0.06560651042279517,0.5662796048229392,0.5725390555296074,0.5725390555296074,Ugt2a3
ENSMUSG00000095463,chol1,-0.0076890633368061284,0.013578481532538962,-0.5662682766390591,0.5725467240440534,0.5725467240440534,Entpd4
ENSMUSG00000020326,chol1,0.006377117297078542,0.011287168099386869,0.5649882451405108,0.573413549027094,0.573413549027094,Ccng1
ENSMUSG00000074336,chol1,-0.042733233354284895,0.07565395741557286,-0.56485126243361,0.5735063498235962,0.5735063498235962,Apoc4
ENSMUSG00000032418,chol1,-0.08704298512153334,0.1541294077733368,-0.5647396326179299,0.5735819803075539,0.5735819803075539,Me1
ENSMUSG00000074272,chol1,-0.02107922731851801,0.03733085520192309,-0.5646596415887123,0.5736361781032657,0.5736361781032657,Ceacam1
ENSMUSG00000029455,chol1,-0.1446826394640996,0.25642381607145365,-0.5642324557863343,0.5739256589065356,0.5739256589065356,Aldh2
ENSMUSG00000062328,chol1,0.029815338166538943,0.05290028786065724,0.5636139116118699,0.5743449375166548,0.5743449375166548,Rpl17
ENSMUSG00000089873,chol1,-1.091669443349032,1.936939122489816,-0.5636054487586363,0.5743506750616933,0.5743506750616933,Mup13
ENSMUSG00000030339,chol1,-0.009005944154088567,0.015993925060780827,-0.5630853039428267,0.5747033695815935,0.5747033695815935,Ltbr
ENSMUSG00000046079,chol1,0.004705657993301247,0.008374521289257355,0.5619017291576485,0.5755063036345561,0.5755063036345561,Lrrc8d
ENSMUSG00000013622,chol1,-0.00517911538560887,0.009229278718991733,-0.5611614453631617,0.576008783769896,0.576008783769896,Atraid
ENSMUSG00000051285,chol1,-0.011980060142413066,0.02138029200919577,-0.5603319233086425,0.5765720857084842,0.5765720857084842,Pcmtd1
ENSMUSG00000037003,chol1,-0.008291474716077859,0.014812719412721905,-0.5597537146998629,0.576964884735716,0.576964884735716,Tns2
ENSMUSG00000021000,chol1,0.027937614752757436,0.04994982711405549,0.5593135425466971,0.5772639962272745,0.5772639962272745,Mia2
ENSMUSG00000025609,chol1,-0.005253419851731953,0.009395037176725716,-0.5591696714884989,0.5773617774422612,0.5773617774422612,Mkln1
ENSMUSG00000028692,chol1,-0.024956752783255005,0.044784173426461585,-0.5572672413890938,0.5786554987108219,0.5786554987108219,Akr1a1
ENSMUSG00000072115,chol1,-0.039714636390249775,0.07130608424666367,-0.5569599959081749,0.5788645664742902,0.5788645664742902,Ang
ENSMUSG00000030530,chol1,-0.029227771760188054,0.05249022728342036,-0.5568231130410819,0.5789577211740418,0.5789577211740418,Furin
ENSMUSG00000024048,chol1,-0.004318149318500783,0.007766379955679182,-0.5560054160552791,0.5795143481975722,0.5795143481975722,Myl12a
ENSMUSG00000067851,chol1,0.008197125304586673,0.014745757744871673,0.55589719066404,0.579588039070315,0.579588039070315,Arfgef1
ENSMUSG00000038762,chol1,-0.004281020957284682,0.00770470741336762,-0.5556370576586902,0.5797651823894202,0.5797651823894202,Abcf1
ENSMUSG00000018102,chol1,-0.011460259253837994,0.020664820483003686,-0.5545782148586182,0.58048649085971,0.58048649085971,H2bc4
ENSMUSG00000021218,chol1,-0.01113910268552879,0.02009132414762292,-0.5544235215002838,0.5805919073341395,0.5805919073341395,Gdi2
ENSMUSG00000020850,chol1,0.04293195637199613,0.07748307607317148,0.5540817240071,0.5808248590395537,0.5808248590395537,Prpf8
ENSMUSG00000031753,chol1,-0.004822244168725935,0.008708881763414025,-0.5537156548598653,0.5810744023518216,0.5810744023518216,Cog4
ENSMUSG00000024687,chol1,0.005529401503345068,0.010003021561484185,0.5527731265356435,0.581717142835438,0.581717142835438,Osbp
ENSMUSG00000052040,chol1,-0.014622917746532219,0.026461864885346038,-0.5526034468806486,0.5818328887176685,0.5818328887176685,Klf13
ENSMUSG00000025137,chol1,0.03321893887602141,0.06014974056640297,0.5522706924953233,0.582059906715396,0.582059906715396,Pcyt2
ENSMUSG00000024759,chol1,0.016529009522907485,0.02992933376085048,0.5522678738852687,0.5820618298604494,0.5820618298604494,Atl3
ENSMUSG00000032293,chol1,0.00909922383137738,0.016477649112117278,0.5522161425737622,0.5820971268058885,0.5820971268058885,Ireb2
ENSMUSG00000056091,chol1,0.038036843965524626,0.06893229230046456,0.5518000736103227,0.5823810529917153,0.5823810529917153,St3gal5
ENSMUSG00000079435,chol1,-0.005726184164076426,0.0103987393864857,-0.5506613783895987,0.5831584362875413,0.5831584362875413,Rpl36a
ENSMUSG00000009633,chol1,0.022789980971405475,0.04140321636061464,0.550439868557766,0.5833097173731714,0.5833097173731714,G0s2
ENSMUSG00000057738,chol1,0.00857744663813813,0.015587368469680648,0.5502818936257471,0.5834176183792379,0.5834176183792379,Sptan1
ENSMUSG00000006529,chol1,0.09887785011322428,0.17979573693499573,0.5499454647746909,0.5836474395607352,0.5836474395607352,Itih1
ENSMUSG00000027828,chol1,-0.03031523346621762,0.05517513021278521,-0.5494365550077661,0.5839951672585153,0.5839951672585153,Ssr3
ENSMUSG00000074748,chol1,-0.008521117736199964,0.015515579626972476,-0.5491975125045762,0.5841585339567319,0.5841585339567319,Atxn7l3b
ENSMUSG00000023307,chol1,0.004884899776995205,0.008898294823006815,0.5489703223099719,0.5843138205621892,0.5843138205621892,Marchf5
ENSMUSG00000039529,chol1,-0.008304366761092108,0.015140754891999515,-0.5484777225658806,0.5846505840627872,0.5846505840627872,Atp8b1
ENSMUSG00000032393,chol1,0.007444209107894698,0.01357776884807304,0.5482645338266443,0.5847963579665845,0.5847963579665845,Dpp8
ENSMUSG00000031765,chol1,0.12276609741607174,0.2242551406298376,0.5474393901128591,0.5853607353489079,0.5853607353489079,Mt1
ENSMUSG00000031523,chol1,-0.006230911176931492,0.011389282544205633,-0.5470854860916157,0.5856028754554747,0.5856028754554747,Dlc1
ENSMUSG00000028199,chol1,0.01240964827235859,0.022683752695103573,0.5470721021851594,0.5856120336125226,0.5856120336125226,Cryz
ENSMUSG00000087141,chol1,-0.027131689799467798,0.049657965026311444,-0.5463713582522356,0.5860916234439404,0.5860916234439404,Plcxd2
ENSMUSG00000027761,chol1,0.043930478685390906,0.08054451245382385,0.5454186430214751,0.58674395939801,0.58674395939801,Aadac
ENSMUSG00000017802,chol1,-0.006653350711635002,0.012201218251464889,-0.5453021636455192,0.5868237377144967,0.5868237377144967,Retreg3
ENSMUSG00000017776,chol1,-0.005590130617094731,0.010256301183768215,-0.5450435314771919,0.5870008966712976,0.5870008966712976,Crk
ENSMUSG00000026839,chol1,-0.11128930894343937,0.2042379758369518,-0.544900175823738,0.5870991038713673,0.5870991038713673,Upp2
ENSMUSG00000022914,chol1,-0.0048975190070689924,0.008989430556943198,-0.5448085922735427,0.5871618481288332,0.5871618481288332,Brwd1
ENSMUSG00000027984,chol1,-0.03560470462627322,0.06538094187133636,-0.5445731371741322,0.5873231738377638,0.5873231738377638,Hadh
ENSMUSG00000041650,chol1,-0.012000657003125508,0.022044357023615936,-0.5443868011332471,0.5874508596350811,0.5874508596350811,Pcca
ENSMUSG00000024327,chol1,0.009383513444864395,0.017240126701472125,0.5442833227010531,0.5875217733248724,0.5875217733248724,Slc39a7
ENSMUSG00000025492,chol1,-0.03042130070345523,0.05592691773964216,-0.5439473858558806,0.5877520183172968,0.5877520183172968,Ifitm3
ENSMUSG00000018501,chol1,0.010374320481139286,0.0190777714932918,0.5437910022555383,0.5878592152474542,0.5878592152474542,Ncor1
ENSMUSG00000022139,chol1,-0.00574877058919761,0.0105822036492257,-0.54324890918332,0.5882308771688016,0.5882308771688016,Mbnl2
ENSMUSG00000052712,chol1,-0.007157354551794782,0.013175855642001227,-0.543217438492494,0.5882524570310189,0.5882524570310189,BC004004
ENSMUSG00000050777,chol1,0.006793874127138555,0.01254168353193221,0.541703520890219,0.5892910087181937,0.5892910087181937,Tmem37
ENSMUSG00000024896,chol1,0.004851484316477385,0.008958385468966726,0.5415578882248033,0.5893909584163444,0.5893909584163444,Minpp1
ENSMUSG00000003721,chol1,0.07547920760110557,0.13939244388240693,0.5414870813570117,0.5894395570114439,0.5894395570114439,Insig2
ENSMUSG00000021136,chol1,-0.013613914724343701,0.025168136890502315,-0.5409186537554623,0.5898297677243061,0.5898297677243061,Smoc1
ENSMUSG00000092008,chol1,0.3287283862718583,0.6081153107734448,0.5405691658277076,0.590069742083251,0.590069742083251,Cyp2c69
ENSMUSG00000030738,chol1,-0.00846539662995844,0.015674136576864086,-0.5400869507832313,0.5904009279253573,0.5904009279253573,Eif3c
ENSMUSG00000032637,chol1,-0.004437347749717992,0.00824816199308915,-0.5379801892149902,0.5918488727067349,0.5918488727067349,Atxn2l
ENSMUSG00000027762,chol1,0.01401310532025724,0.02605134617263418,0.5379033093874207,0.5919017423412443,0.5919017423412443,Sucnr1
ENSMUSG00000060703,chol1,-0.019405784262232963,0.03608659847843894,-0.5377559836743148,0.5920030631952815,0.5920030631952815,Cd302
ENSMUSG00000003746,chol1,-0.017539027001661763,0.03264246612339041,-0.5373070446137013,0.5923118635694389,0.5923118635694389,Man1a
ENSMUSG00000020088,chol1,0.006492943232794621,0.012100474240644303,0.5365858480972145,0.5928080919141818,0.5928080919141818,Sar1a
ENSMUSG00000071172,chol1,0.006870946608002345,0.012807386762739162,0.5364831042654349,0.5928788018530067,0.5928788018530067,Srsf3
ENSMUSG00000024131,chol1,-0.02747040967444742,0.05124838325800563,-0.5360249031886524,0.5931941909177216,0.5931941909177216,Slc3a1
ENSMUSG00000061331,chol1,0.008204333999190638,0.015317064790848175,0.5356335636898698,0.5934636196061707,0.5934636196061707,NA
ENSMUSG00000014867,chol1,-0.015550261449445069,0.029049688785422984,-0.5352987277869953,0.5936941919790517,0.5936941919790517,Surf4
ENSMUSG00000025085,chol1,-0.007496505842036829,0.014007013849558592,-0.5351965752695439,0.5937645438263849,0.5937645438263849,Ablim1
ENSMUSG00000030287,chol1,-0.010864776650795147,0.020305666035856026,-0.5350613287744402,0.5938576932660896,0.5938576932660896,Itpr2
ENSMUSG00000062647,chol1,0.02566774205491599,0.04799568409088068,0.5347927119095471,0.5940427201246401,0.5940427201246401,Rpl7a
ENSMUSG00000016382,chol1,0.013274570565088982,0.024858532238800968,0.5340046000129117,0.5945857365691181,0.5945857365691181,Pls3
ENSMUSG00000030861,chol1,0.016835939590670024,0.03158298780504928,0.533069882260424,0.5952300643347016,0.5952300643347016,Acadsb
ENSMUSG00000048217,chol1,-0.005108373399574657,0.00958799137517622,-0.5327886936569932,0.5954239590301578,0.5954239590301578,Nags
ENSMUSG00000050541,chol1,0.009348031745895054,0.017563915877272664,0.5322293622455349,0.5958097351854779,0.5958097351854779,Adra1b
ENSMUSG00000020349,chol1,-0.007160320989142494,0.013457015704571453,-0.5320883282249628,0.5959070259529256,0.5959070259529256,Ppp2ca
ENSMUSG00000031594,chol1,-0.22075349906579078,0.41596500719647533,-0.5307020909129525,0.5968636977903923,0.5968636977903923,Fgl1
ENSMUSG00000017868,chol1,-0.010598327162672934,0.01997092916220866,-0.5306877349867293,0.5968736088337095,0.5968736088337095,Sgk2
ENSMUSG00000001435,chol1,-0.08749667839092133,0.16496416072549527,-0.5303981059044584,0.5970735791868469,0.5970735791868469,Col18a1
ENSMUSG00000039630,chol1,-0.012057052462093503,0.022747505924974112,-0.5300384359437077,0.5973219513710857,0.5973219513710857,Hnrnpu
ENSMUSG00000021376,chol1,0.010861703102263589,0.020505852623881632,0.5296879530682755,0.5975640252591266,0.5975640252591266,Tpmt
ENSMUSG00000024621,chol1,0.014344351391842624,0.027085151799102997,0.5296020305973578,0.5976233776861088,0.5976233776861088,Csf1r
ENSMUSG00000028565,chol1,0.004160256455515281,0.007856058267981721,0.5295602850186193,0.5976522151460459,0.5976522151460459,Nfia
ENSMUSG00000029802,chol1,-0.012435002841373848,0.023511286382052896,-0.5288950438231225,0.5981118442660094,0.5981118442660094,Abcg2
ENSMUSG00000005779,chol1,-0.0063001156353053546,0.011913308416654961,-0.5288300625624457,0.5981567499236773,0.5981567499236773,Psmb4
ENSMUSG00000028809,chol1,-0.0030361190707846476,0.00574705460321779,-0.5282913214509424,0.598529109801603,0.598529109801603,Srrm1
ENSMUSG00000061130,chol1,-0.010082267975994694,0.01909576110753099,-0.5279846097372074,0.598741146414805,0.598741146414805,Ppm1b
ENSMUSG00000018669,chol1,-0.0050109495785295435,0.009497849573905613,-0.5275878018005912,0.5990155198819005,0.5990155198819005,Cdk5rap3
ENSMUSG00000022512,chol1,0.016559501424992074,0.03146218028077661,0.5263303838834694,0.5998853456319029,0.5998853456319029,Cldn1
ENSMUSG00000002346,chol1,-0.012344181813485297,0.023503395877558758,-0.5252084370187385,0.6006619483938559,0.6006619483938559,Slc25a42
ENSMUSG00000004221,chol1,-0.011440558286909855,0.02179455183982337,-0.5249274392513764,0.600856525082801,0.600856525082801,Ikbkg
ENSMUSG00000057069,chol1,-0.01687925022171324,0.032168585160075536,-0.5247122351735287,0.6010055625387482,0.6010055625387482,Ero1b
ENSMUSG00000060073,chol1,-0.006738479563633856,0.012843783193125494,-0.5246491210814396,0.6010492747953342,0.6010492747953342,Psma3
ENSMUSG00000034285,chol1,-0.02500942001532616,0.04774084956960707,-0.5238578751905525,0.6015974083487351,0.6015974083487351,Nipsnap1
ENSMUSG00000027668,chol1,-0.003182580742373496,0.0060813620659454296,-0.5233335407203256,0.6019607658630853,0.6019607658630853,Mfn1
ENSMUSG00000060419,chol1,-0.02789643433412836,0.05332435782106922,-0.5231461844835584,0.6020906258636456,0.6020906258636456,NA
ENSMUSG00000020053,chol1,-0.07367765070044185,0.14087502486743697,-0.5230000901137184,0.6021918954170888,0.6021918954170888,Igf1
ENSMUSG00000029759,chol1,-0.006768903789359483,0.012948702230039359,-0.5227476598895354,0.6023668931289943,0.6023668931289943,Pon3
ENSMUSG00000038656,chol1,0.08158807776754101,0.15624359032232432,0.5221851187573714,0.6027569594901063,0.6027569594901063,Cyp3a16
ENSMUSG00000031173,chol1,0.0465322675885347,0.08979378693312834,0.5182125532046937,0.6055148207229533,0.6055148207229533,Otc
ENSMUSG00000025224,chol1,0.007817153416967277,0.015087022817605693,0.5181375750187841,0.6055669277496649,0.6055669277496649,Gbf1
ENSMUSG00000028088,chol1,0.11601611304362798,0.2243248712931832,0.5171790019306409,0.6062332797631231,0.6062332797631231,Fmo5
ENSMUSG00000035459,chol1,0.013454463626109643,0.02602232943601326,0.5170353276478591,0.6063331836348497,0.6063331836348497,Stab2
ENSMUSG00000042289,chol1,-0.05971089412868834,0.11570391578569357,-0.5160663208606066,0.6070071774682924,0.6070071774682924,Hsd3b7
ENSMUSG00000028423,chol1,0.005017681568093959,0.009726670082908121,0.5158683830462307,0.6071448951530968,0.6071448951530968,Nfx1
ENSMUSG00000038393,chol1,-0.04047435057387141,0.07851609040344794,-0.5154911606767169,0.6074073915217558,0.6074073915217558,Txnip
ENSMUSG00000024122,chol1,-0.0030632655995729337,0.005943234690437287,-0.5154206015962576,0.6074564969262226,0.6074564969262226,Pdpk1
ENSMUSG00000022181,chol1,-0.12647428711652173,0.24544486549576436,-0.5152859354424112,0.6075502224728904,0.6075502224728904,C6
ENSMUSG00000090841,chol1,-0.006606228463677805,0.012849827603163345,-0.5141102797403676,0.6083687387759048,0.6083687387759048,Myl6
ENSMUSG00000021091,chol1,0.2616993458382482,0.5098753347096139,0.5132614347530504,0.6089600326346847,0.6089600326346847,Serpina3n
ENSMUSG00000090935,chol1,-0.004544923110701655,0.008855187142330665,-0.5132498091401647,0.6089681326815225,0.6089681326815225,Synj2bp
ENSMUSG00000038766,chol1,0.0027414402321316424,0.005344121842395766,0.512982359493259,0.6091544893939294,0.6091544893939294,Gabpb2
ENSMUSG00000032263,chol1,-0.008772906940701389,0.017105530064781334,-0.512869633824676,0.6092330434313983,0.6092330434313983,Bckdhb
ENSMUSG00000032803,chol1,0.009352142223676403,0.018239200072694986,0.512749582569525,0.6093167074114868,0.6093167074114868,Cdv3
ENSMUSG00000078683,chol1,1.671086124882694,3.259401842139068,0.5126971775244503,0.6093532302283824,0.6093532302283824,Mup1
ENSMUSG00000078584,chol1,-0.007022636794930302,0.013697856471372916,-0.5126814410420255,0.6093641976988411,0.6093641976988411,AU022252
ENSMUSG00000031731,chol1,-0.00453596210640514,0.008850756324737129,-0.5124942931405199,0.6094946364202126,0.6094946364202126,Ap1g1
ENSMUSG00000030751,chol1,0.005236560732213425,0.010224356899475288,0.512165291538499,0.6097239751824031,0.6097239751824031,Psma1
ENSMUSG00000026024,chol1,-0.029103672863157695,0.05691618913516269,-0.5113426128028925,0.610297614302791,0.610297614302791,Als2
ENSMUSG00000005681,chol1,0.6198831023497297,1.212336226723736,0.5113128591603053,0.6103183655432003,0.6103183655432003,Apoa2
ENSMUSG00000003316,chol1,0.0036389997072523994,0.0071236507118003795,0.5108335394974335,0.6106527038282563,0.6106527038282563,Glg1
ENSMUSG00000093674,chol1,-0.031980621658156926,0.06272219355870709,-0.5098772833610087,0.611319964505977,0.611319964505977,Rpl41
ENSMUSG00000059291,chol1,-0.012841279005691342,0.02521480629586639,-0.5092753382680749,0.6117401606616901,0.6117401606616901,Rpl11
ENSMUSG00000000605,chol1,-0.005004953504791596,0.009849297372340603,-0.5081533550653888,0.6125237231167521,0.6125237231167521,Clcn4
ENSMUSG00000047888,chol1,0.005146065687397211,0.010133528662008676,0.5078256409033686,0.6127526747585067,0.6127526747585067,Tnrc6b
ENSMUSG00000026341,chol1,-0.003161463006173534,0.006234150541138627,-0.5071200936376672,0.6132457230605777,0.6132457230605777,Actr3
ENSMUSG00000006262,chol1,-0.004868626238795922,0.009607511948883943,-0.5067520357714972,0.613502998678517,0.613502998678517,Mob1b
ENSMUSG00000029328,chol1,0.003674500822276363,0.007255604419367425,0.5064362126011167,0.6137238003509665,0.6137238003509665,Hnrnpdl
ENSMUSG00000028184,chol1,0.004747915852283001,0.009375506064162525,0.5064170210962488,0.6137372188684547,0.6137372188684547,Adgrl2
ENSMUSG00000019873,chol1,-0.01091170964603368,0.021553872670329412,-0.506252858264979,0.6138520053273142,0.6138520053273142,Reep3
ENSMUSG00000063888,chol1,-0.004494066996151231,0.008878363820692733,-0.5061818919469085,0.6139016295993951,0.6139016295993951,Rpl7l1
ENSMUSG00000062078,chol1,0.003763603766111892,0.007450473779691261,0.5051495887913656,0.6146236862503481,0.6146236862503481,Qk
ENSMUSG00000077450,chol1,-0.0025822441687259425,0.005112746830294469,-0.5050600498005136,0.61468633325402,0.61468633325402,Rab11b
ENSMUSG00000035877,chol1,0.008964281649030034,0.017784306478019537,0.5040557336384982,0.6153892103576384,0.6153892103576384,Zhx3
ENSMUSG00000026878,chol1,-0.006231184895945455,0.012383009108080384,-0.503204418373509,0.6159852897149105,0.6159852897149105,Rab14
ENSMUSG00000030201,chol1,-0.008216737327903142,0.01633688648824422,-0.5029561375612044,0.6161591810565185,0.6161591810565185,Lrp6
ENSMUSG00000049580,chol1,-0.022777899449806682,0.04531900971728363,-0.5026124708351629,0.6163999150604804,0.6163999150604804,Tsku
ENSMUSG00000031482,chol1,-0.04766140755633233,0.09483985908757225,-0.5025461658723389,0.6164463656353321,0.6164463656353321,Slc25a15
ENSMUSG00000006699,chol1,0.007049337443280177,0.014029460394764036,0.5024667553080712,0.6165019995173509,0.6165019995173509,Cdc42
ENSMUSG00000017718,chol1,0.024027676358908567,0.04782378841391561,0.502421015895869,0.6165340448972728,0.6165340448972728,Afmid
ENSMUSG00000040842,chol1,-0.0038759306360372377,0.007729321079921169,-0.5014580965081047,0.617208845748116,0.617208845748116,Szrd1
ENSMUSG00000026827,chol1,-0.010729606598875518,0.021407727336619404,-0.5012025064669887,0.6173880149682535,0.6173880149682535,Gpd2
ENSMUSG00000028691,chol1,-0.0537600275957672,0.10760217973423775,-0.49961838810837206,0.6184990013480658,0.6184990013480658,Prdx1
ENSMUSG00000034308,chol1,0.022100694414547872,0.04427895090957284,0.49912416533269394,0.6188457951078661,0.6188457951078661,Sdr42e1
ENSMUSG00000059734,chol1,-0.0029738177732239264,0.005964118487011385,-0.498618157855228,0.6192009474765436,0.6192009474765436,Ndufs8
ENSMUSG00000070690,chol1,-0.027489892931867335,0.05524044917086831,-0.4976406481930717,0.6198872896489103,0.6198872896489103,Albfm1
ENSMUSG00000020463,chol1,0.0032090414668377453,0.0064659977081430045,0.4962948661111361,0.6208327587725879,0.6208327587725879,Ppp4r3b
ENSMUSG00000039176,chol1,-0.003750325767816702,0.0075584829632119625,-0.4961744024654133,0.6209174206704884,0.6209174206704884,Polg
ENSMUSG00000045975,chol1,-0.016835550408555087,0.033946415872242494,-0.4959448582706276,0.6210787585401079,0.6210787585401079,C2cd2
ENSMUSG00000024785,chol1,0.010852205551872288,0.021915359810788453,0.4951871949886939,0.6216114225653121,0.6216114225653121,Rcl1
ENSMUSG00000015536,chol1,-0.00719837120396758,0.014546190488724176,-0.49486298213594604,0.6218394172066359,0.6218394172066359,Mocs2
ENSMUSG00000008540,chol1,0.21974440882203633,0.44449134510281535,0.4943727504327609,0.6221842305067189,0.6221842305067189,Mgst1
ENSMUSG00000078652,chol1,0.004220203717894637,0.008537289972286885,0.4943259197700849,0.6222171741060193,0.6222171741060193,Psme3
ENSMUSG00000041598,chol1,0.008058073333275925,0.016324170327636476,0.4936283542468175,0.6227079760304107,0.6227079760304107,Cdc42ep4
ENSMUSG00000078619,chol1,-0.006461632756735342,0.013150662503776875,-0.49135416218609207,0.6243092628958813,0.6243092628958813,Smarcd2
ENSMUSG00000036707,chol1,-0.0043151167115833295,0.008783340074412782,-0.4912842580414172,0.624358511891586,0.624358511891586,Cab39
ENSMUSG00000000708,chol1,-0.006976922404663306,0.014211295823427403,-0.49094202888675426,0.6245996444013528,0.6245996444013528,Kat2b
ENSMUSG00000010609,chol1,0.02394364621451511,0.048772022226451564,0.49092994551965174,0.6246081590123796,0.6246081590123796,Psen2
ENSMUSG00000028465,chol1,-0.006712357694526464,0.013689728720625483,-0.4903207237710534,0.6250375164376607,0.6250375164376607,Tln1
ENSMUSG00000055762,chol1,-0.0033662941166340875,0.006869830760363737,-0.49001121484044424,0.6252556966608556,0.6252556966608556,Eef1d
ENSMUSG00000006315,chol1,-0.005565418758233524,0.011376754645184967,-0.48919212304442194,0.6258332548955066,0.6258332548955066,Tmem147
ENSMUSG00000015671,chol1,-0.0031130058721726213,0.006365007356997381,-0.4890812685000801,0.6259114386144276,0.6259114386144276,Psma2
ENSMUSG00000068040,chol1,-0.0036569178842958084,0.007481158722334174,-0.4888170429239101,0.6260978093956364,0.6260978093956364,Tm9sf4
ENSMUSG00000027048,chol1,-0.08228254449333122,0.1683891983256005,-0.4886450277780179,0.6262191528454435,0.6262191528454435,Abcb11
ENSMUSG00000029131,chol1,0.004834485323873568,0.00991556756723183,0.4875651636775878,0.6269811486351187,0.6269811486351187,Dnajb6
ENSMUSG00000021270,chol1,0.06856357285540833,0.14065449371110067,0.487460948074901,0.6270547087938004,0.6270547087938004,Hsp90aa1
ENSMUSG00000020827,chol1,-0.0038526555221670257,0.007905866030708008,-0.48731606470467875,0.6271569803891229,0.6271569803891229,Mink1
ENSMUSG00000029823,chol1,0.009304396724670915,0.019095644702039217,0.48725229600010844,0.6272019963311294,0.6272019963311294,Luc7l2
ENSMUSG00000024012,chol1,-0.0036517483489895935,0.007501871630540858,-0.4867783039798984,0.6275366434704794,0.6275366434704794,Mtch1
ENSMUSG00000067279,chol1,0.013470072067573004,0.027754462586418047,0.485329954620153,0.6285596870046899,0.6285596870046899,Ppp1r3c
ENSMUSG00000037234,chol1,-0.008070841261914395,0.01663149903321273,-0.48527443291774885,0.6285989192769532,0.6285989192769532,Hook3
ENSMUSG00000049775,chol1,0.01066937304655544,0.022014162460410953,0.4846595034329672,0.6290335067429862,0.6290335067429862,Tmsb4x
ENSMUSG00000049858,chol1,-0.01914935914104408,0.039536401835136493,-0.48434754434395205,0.6292540266871292,0.6292540266871292,Suox
ENSMUSG00000037254,chol1,0.11696964611980258,0.24189735486616862,0.4835507448376889,0.6298174266325378,0.6298174266325378,Itih2
ENSMUSG00000035561,chol1,0.022386449315917725,0.0463464802689574,0.48302372016180994,0.630190194818817,0.630190194818817,Aldh1b1
ENSMUSG00000031729,chol1,0.0024791151703532845,0.0051337652126179165,0.48290388587698624,0.6302749677872084,0.6302749677872084,Ist1
ENSMUSG00000020553,chol1,-0.019778954804935394,0.04101630188676952,-0.4822217970683364,0.6307575840619957,0.6307575840619957,Pctp
ENSMUSG00000010097,chol1,-0.00369531534944592,0.007690844712579372,-0.48048237710504715,0.6319890457967086,0.6319890457967086,Nxf1
ENSMUSG00000038754,chol1,0.057501111622940713,0.11970955407806776,0.48033853325893905,0.6320909298094761,0.6320909298094761,Elovl3
ENSMUSG00000041660,chol1,-0.017332512807707815,0.036085936326300604,-0.4803121263359132,0.6321096344969861,0.6321096344969861,Bbox1
ENSMUSG00000032575,chol1,-0.011626184121025371,0.024207276004288167,-0.4802764308948213,0.6321349188555155,0.6321349188555155,Manf
ENSMUSG00000068742,chol1,-0.004962693062742699,0.010361841792110622,-0.47893928148191106,0.6330823842015507,0.6330823842015507,Cry2
ENSMUSG00000028530,chol1,-0.0070120153950801074,0.014641130907882847,-0.47892580424267694,0.6330919368997809,0.6330919368997809,Jak1
ENSMUSG00000028760,chol1,0.005895163766456269,0.012312146632725738,0.47880876847152704,0.6331748947375504,0.6331748947375504,Eif4g3
ENSMUSG00000019428,chol1,-0.01684815814398013,0.03518937102705303,-0.47878543015240405,0.6331914380735674,0.6331914380735674,Fkbp8
ENSMUSG00000024870,chol1,-0.007333086119458258,0.015319853876150901,-0.4786655394196677,0.6332764253950782,0.6332764253950782,Rab1b
ENSMUSG00000026365,chol1,-0.2289230958490111,0.47878811254197223,-0.478130283213627,0.6336559141123316,0.6336559141123316,Cfh
ENSMUSG00000034135,chol1,0.004039251297991225,0.008476660210956928,0.4765144759217894,0.634802091150938,0.634802091150938,Sik3
ENSMUSG00000021259,chol1,0.03444860695189466,0.07231029122575083,0.47639978166243324,0.6348834836745689,0.6348834836745689,Cyp46a1
ENSMUSG00000046794,chol1,-0.049841897951627766,0.10468794282482352,-0.4760996978900353,0.6350964586590027,0.6350964586590027,Ppp1r3b
ENSMUSG00000010025,chol1,-0.08553353187074288,0.1797142658367954,-0.47594180391009566,0.6352085312449003,0.6352085312449003,Aldh3a2
ENSMUSG00000023010,chol1,-0.09862525240871024,0.20730661187309493,-0.475745812049086,0.6353476573822165,0.6353476573822165,Tmbim6
ENSMUSG00000015120,chol1,-0.002607273056026726,0.005480731281208084,-0.4757162725650036,0.6353686273173772,0.6353686273173772,Ube2i
ENSMUSG00000024457,chol1,-0.0032765634444339256,0.006904467483146973,-0.4745570099984753,0.6361918165926634,0.6361918165926634,Trim26
ENSMUSG00000029632,chol1,-0.0122039608751431,0.02579743683470266,-0.4730687375393185,0.6372493042854885,0.6372493042854885,Ndufa4
ENSMUSG00000035202,chol1,0.04511300221282742,0.09539532774265637,0.4729057835466189,0.6373651364143802,0.6373651364143802,Lars2
ENSMUSG00000026176,chol1,-0.008808946151660465,0.01864618973041968,-0.47242607090334465,0.6377061814379936,0.6377061814379936,Ctdsp1
ENSMUSG00000037573,chol1,-0.015521086093627639,0.032868213115927164,-0.4722217797141666,0.6378514430779997,0.6378514430779997,Tob1
ENSMUSG00000024483,chol1,-0.0036654930214136197,0.007788085583873628,-0.4706539215495474,0.6389667415695355,0.6389667415695355,Ankhd1
ENSMUSG00000041408,chol1,0.004802559087660692,0.010204086538946215,0.4706505642940829,0.6389691306500913,0.6389691306500913,Wapl
ENSMUSG00000036323,chol1,0.006206053676135048,0.01319263325221173,0.4704181157385399,0.6391345542809563,0.6391345542809563,Srp72
ENSMUSG00000024130,chol1,0.07052796932177259,0.15031894463355983,0.4691888270883103,0.6400096891868705,0.6400096891868705,Abca3
ENSMUSG00000027007,chol1,-0.005940242550003869,0.012667431814049427,-0.46893819025065175,0.6401881809381162,0.6401881809381162,Itprid2
ENSMUSG00000052085,chol1,0.013244891726435983,0.028253901025672625,0.4687809911417593,0.640300141533769,0.640300141533769,Dock8
ENSMUSG00000020821,chol1,-0.020801408847865955,0.044567250210519424,-0.46674203029371775,0.6417530863249978,0.6417530863249978,Kif1c
ENSMUSG00000025815,chol1,-0.034373560155328456,0.07365063518563053,-0.4667109804103203,0.6417752229805336,0.6417752229805336,Dhtkd1
ENSMUSG00000061032,chol1,-0.0023517589395648394,0.005051531378224367,-0.4655536635291557,0.6426005492223539,0.6426005492223539,Rrp1
ENSMUSG00000055296,chol1,0.006819149352941688,0.014670111592932529,0.4648328207828276,0.6431148360333572,0.6431148360333572,Tmem245
ENSMUSG00000058022,chol1,-0.011765940839152392,0.025317021760549983,-0.4647442716775858,0.6431780235717659,0.6431780235717659,Adtrp
ENSMUSG00000037440,chol1,0.016406267166633626,0.03530545393299402,0.4646949787919727,0.6432131994968744,0.6432131994968744,Vnn1
ENSMUSG00000033916,chol1,-0.00265055682317184,0.005707784695747304,-0.4643757542478238,0.6434410211748955,0.6434410211748955,Chmp2a
ENSMUSG00000025283,chol1,0.004616481475103529,0.009946323885384717,0.464139467837666,0.6436096741459376,0.6436096741459376,Sat1
ENSMUSG00000057933,chol1,0.01767449242730826,0.038113184993455104,0.4637369569177536,0.6438970152952417,0.6438970152952417,Gsta2
ENSMUSG00000017831,chol1,-0.0031129790943766637,0.00671479878309194,-0.46359975852370083,0.643994969704877,0.643994969704877,Rab5a
ENSMUSG00000007817,chol1,-0.004679585676031712,0.010095983697141176,-0.4635096308006921,0.6440593208733352,0.6440593208733352,Zmiz1
ENSMUSG00000018849,chol1,-0.009818025933994017,0.021295135738024065,-0.4610454732374959,0.6458197773945904,0.6458197773945904,Wwc1
ENSMUSG00000040029,chol1,0.00508815302089701,0.011043993409157994,0.4607167744846505,0.6460547608112874,0.6460547608112874,Ipo8
ENSMUSG00000039450,chol1,-0.0089816780034613,0.01950572170154411,-0.46046376242260717,0.6462356610187435,0.6462356610187435,Dcxr
ENSMUSG00000046814,chol1,-0.005973552621382625,0.013011796441793304,-0.4590874632956786,0.6472200682784404,0.6472200682784404,Gchfr
ENSMUSG00000028001,chol1,0.9930600878673309,2.1644529733716,0.45880418751737845,0.6474227610930494,0.6474227610930494,Fga
ENSMUSG00000023087,chol1,-0.09322852476730892,0.2036447361540921,-0.4577998259516297,0.6481416276530034,0.6481416276530034,Noct
ENSMUSG00000054757,chol1,0.008875070302477191,0.019420551952773497,0.45699372108781494,0.6487188341827153,0.6487188341827153,Akr1c20
ENSMUSG00000003435,chol1,0.0036418592917229855,0.007983965455403825,0.45614667448968593,0.6493255878436421,0.6493255878436421,Supt5
ENSMUSG00000040648,chol1,0.004996748219836243,0.010961436233726153,0.4558479485071714,0.649539626678477,0.649539626678477,Ppip5k2
ENSMUSG00000002365,chol1,-0.0034166008128051237,0.007504320659679123,-0.45528449112823677,0.6499434270268033,0.6499434270268033,Snx9
ENSMUSG00000054619,chol1,-0.025064393840245842,0.05521020785136299,-0.4539811534077945,0.6508778609211137,0.6508778609211137,Mettl7a1
ENSMUSG00000031138,chol1,0.016402262939013815,0.03614125837729393,0.4538376270074394,0.6509807969356468,0.6509807969356468,F9
ENSMUSG00000028479,chol1,-0.016855589972533377,0.037146993660726636,-0.4537538118556769,0.6510409116356743,0.6510409116356743,Gne
ENSMUSG00000030103,chol1,-0.021784859696403508,0.048072876360355614,-0.4531632252063221,0.6514645631413529,0.6514645631413529,Bhlhe40
ENSMUSG00000045962,chol1,0.006370451347930549,0.01405841789565553,0.45314141286831483,0.6514802121970756,0.6514802121970756,Wnk1
ENSMUSG00000017421,chol1,0.003998277180323913,0.008824847331031433,0.4530704079451311,0.651531155088248,0.651531155088248,Zfp207
ENSMUSG00000002455,chol1,0.003977271118726419,0.008787934949955965,0.45258313146097523,0.6518807989818243,0.6518807989818243,Prpf6
ENSMUSG00000020250,chol1,-0.010853290310915179,0.023985668226797603,-0.45249063767127046,0.651947176427917,0.651947176427917,Txnrd1
ENSMUSG00000060002,chol1,-0.02445835036722595,0.05406297162803399,-0.4524048462505017,0.6520087464754747,0.6520087464754747,Chpt1
ENSMUSG00000060459,chol1,-0.025066729793957302,0.05541519121059277,-0.4523440097625383,0.6520524085421675,0.6520524085421675,Kng2
ENSMUSG00000000346,chol1,-0.006181333680612351,0.013672184209842833,-0.4521101812073528,0.6522202374939323,0.6522202374939323,Dazap2
ENSMUSG00000094806,chol1,-0.0660368706141676,0.14607713217177612,-0.45206850403191806,0.6522501528992403,0.6522501528992403,Cyp2d10
ENSMUSG00000027775,chol1,-0.008209203898709324,0.01817235390864231,-0.45174136162983464,0.6524849917530517,0.6524849917530517,Mfsd1
ENSMUSG00000024782,chol1,0.02693961284128777,0.0597769378569005,0.4506690005730685,0.6532550303731708,0.6532550303731708,Ak3
ENSMUSG00000039844,chol1,-0.005287584703076429,0.011741038070677523,-0.4503506990818663,0.6534836678665291,0.6534836678665291,Rapgef1
ENSMUSG00000024827,chol1,-0.03102051269577499,0.0689569013579997,-0.449853634442295,0.6538407778900435,0.6538407778900435,Gldc
ENSMUSG00000027249,chol1,-0.08913964048010597,0.19873170001639054,-0.4485426354867096,0.6547830351989291,0.6547830351989291,F2
ENSMUSG00000035284,chol1,-0.006486827476946126,0.014481699196489598,-0.4479327590590026,0.6552215636475305,0.6552215636475305,Vps13c
ENSMUSG00000030237,chol1,-0.028863364186635196,0.06459611656348205,-0.4468281643257862,0.6560161241942128,0.6560161241942128,Slco1a4
ENSMUSG00000039886,chol1,0.005741667025425999,0.012878209941364972,0.44584356456122776,0.6567247030470627,0.6567247030470627,Tmem120a
ENSMUSG00000030513,chol1,-0.017683528383602664,0.039744686151297955,-0.44492811734091825,0.6573837969246712,0.6573837969246712,Pcsk6
ENSMUSG00000028557,chol1,0.006040505377084756,0.01360308653803068,0.44405402848809933,0.658013366752852,0.658013366752852,Rnf11
ENSMUSG00000010392,chol1,-0.002188189958757022,0.004934645592143911,-0.4434340659115782,0.6584600494239091,0.6584600494239091,Gosr1
ENSMUSG00000024863,chol1,-0.04177853557313953,0.09433101464525251,-0.44289288873076016,0.6588500685119169,0.6588500685119169,Mbl2
ENSMUSG00000025355,chol1,0.012589506935535243,0.028428782137661864,0.4428436953286481,0.658885526208731,0.658885526208731,Mmp19
ENSMUSG00000027598,chol1,0.007494299170835455,0.016943879255243224,0.44230126159075234,0.6592765540765315,0.6592765540765315,Itch
ENSMUSG00000069972,chol1,-0.014939969304552193,0.03387710111854884,-0.4410049505792001,0.6602114176200518,0.6602114176200518,Rps13-ps2
ENSMUSG00000076441,chol1,-0.28684227779164945,0.6508886843037862,-0.440693293198769,0.6604362567138369,0.6604362567138369,Ass1
ENSMUSG00000050812,chol1,0.00494096180504733,0.011219060106180657,0.44040782011011065,0.6606422329943591,0.6606422329943591,Ecpas
ENSMUSG00000005547,chol1,0.3399159333052065,0.772579015618374,0.4399756224716212,0.6609541245627497,0.6609541245627497,Cyp2a5
ENSMUSG00000046062,chol1,-0.0099129448687371325,0.02253235268603995,-0.4399427350912519,0.6609778598968503,0.6609778598968503,Ppp1r15b
ENSMUSG00000059824,chol1,-0.020970129626919,0.047723790268672364,-0.43940620618904525,0.6613651300511196,0.6613651300511196,Dbp
ENSMUSG00000028064,chol1,0.008467516079592938,0.019286533229367277,0.4390377461253428,0.6616311403323054,0.6616311403323054,Sema4a
ENSMUSG00000028980,chol1,0.05155208625722193,0.11749280091819087,0.43876804241918754,0.6618258808292667,0.6618258808292667,H6pd
ENSMUSG00000030096,chol1,-0.010940767084836529,0.024940097662604365,-0.43868180601559204,0.66188815302813,0.66188815302813,Slc6a6
ENSMUSG00000038286,chol1,0.014289392075150033,0.03261143287832633,0.4381712428418566,0.6622568846352574,0.6622568846352574,Bphl
ENSMUSG00000027162,chol1,0.0028100421039942924,0.00641511343682523,0.43803467104160076,0.6623555316680827,0.6623555316680827,Lin7c
ENSMUSG00000028042,chol1,-0.005796148776056714,0.0132406901520526,-0.43775276888857506,0.6625591709343162,0.6625591709343162,Zbtb7b
ENSMUSG00000031333,chol1,-0.0031833780490954956,0.007284805345907247,-0.43698875919642555,0.6631112003611843,0.6631112003611843,Abcb7
ENSMUSG00000008668,chol1,-0.014772981634392592,0.0338283333448084,-0.4367043887091111,0.663316717594777,0.663316717594777,Rps18
ENSMUSG00000027610,chol1,-0.005493286436314467,0.012609677850129142,-0.4356405057769345,0.6640858240079541,0.6640858240079541,Gss
ENSMUSG00000049152,chol1,0.07207031707149061,0.16554145906706935,0.43536113235712887,0.6642878493725468,0.6642878493725468,Ugt3a2
ENSMUSG00000002052,chol1,-0.003283885578736191,0.007545253227522401,-0.4352253635116903,0.6643860378497832,0.6643860378497832,Supt6
ENSMUSG00000031924,chol1,0.05891185317846415,0.13537375642739427,0.4351792750174637,0.6644193705313763,0.6644193705313763,Cyb5b
ENSMUSG00000021646,chol1,0.004863943095031044,0.011181034629888828,0.4350172641473525,0.6645365473545927,0.6645365473545927,Mccc2
ENSMUSG00000024750,chol1,0.004118859188400307,0.009499999044726024,0.4335641686918816,0.6655878927870433,0.6655878927870433,Zfand5
ENSMUSG00000030105,chol1,-0.0036178112380640687,0.00834893363879385,-0.4333261461384337,0.6657601709024411,0.6657601709024411,Arl8b
ENSMUSG00000030224,chol1,-0.003953246269620561,0.009136642843114941,-0.4326803988622135,0.6662276459438944,0.6662276459438944,Strap
ENSMUSG00000028719,chol1,-0.004763344383120513,0.011015804211232362,-0.4324100439497215,0.6664234027824649,0.6664234027824649,Cmpk1
ENSMUSG00000028413,chol1,-0.007418646343668474,0.017170896011377845,-0.4320477125219734,0.6666857935761058,0.6666857935761058,B4galt1
ENSMUSG00000019122,chol1,0.011501602147389827,0.026701652987246152,0.43074494874468944,0.6676295625689586,0.6676295625689586,Ccl9
ENSMUSG00000021871,chol1,-0.00954104205233293,0.022152152835660622,-0.43070495780318574,0.6676585419059776,0.6676585419059776,NA
ENSMUSG00000026269,chol1,-0.005667526196605838,0.013177798138088554,-0.43008142462166415,0.6681104487800229,0.6681104487800229,Rnpepl1
ENSMUSG00000000753,chol1,-0.03816250871785159,0.08897192930109227,-0.42892751700038817,0.6689470678750457,0.6689470678750457,Serpinf1
ENSMUSG00000031960,chol1,-0.01612066561334929,0.03772242605575614,-0.4273496510940713,0.6700917459454532,0.6700917459454532,Aars
ENSMUSG00000032548,chol1,-0.009604948338657333,0.022519324394110158,-0.42652027079326904,0.6706937402976307,0.6706937402976307,Slco2a1
ENSMUSG00000029470,chol1,0.004723592142309805,0.011076655544508969,0.4264457013517435,0.6707478760379286,0.6707478760379286,P2rx4
ENSMUSG00000031232,chol1,-0.007425291757432796,0.017457110090729793,-0.4253448433813699,0.6715472761023108,0.6715472761023108,Magt1
ENSMUSG00000025862,chol1,-0.003651580492676998,0.008591155194934419,-0.42503952144061724,0.6717690558962262,0.6717690558962262,Stag2
ENSMUSG00000042699,chol1,-0.00438484854616374,0.010319935235806923,-0.42489109146244425,0.6718768829726012,0.6718768829726012,Dhx9
ENSMUSG00000030688,chol1,-0.0370204703334741,0.08714358102638542,-0.4248215404673926,0.671927410708714,0.671927410708714,Stard10
ENSMUSG00000024254,chol1,-0.02204546762125347,0.0519455641431171,-0.4243955761172447,0.6722369001507863,0.6722369001507863,Abcg8
ENSMUSG00000006304,chol1,0.0033921832513927074,0.007995054193771002,0.42428521047869555,0.6723170968195047,0.6723170968195047,Arpc2
ENSMUSG00000025743,chol1,0.009722385763855972,0.022928212075753816,0.42403593144261015,0.6724982481890527,0.6724982481890527,Sdc3
ENSMUSG00000030104,chol1,0.015689182200945444,0.03710648437417574,0.42281510807486605,0.6733857007159585,0.6733857007159585,Edem1
ENSMUSG00000028649,chol1,-0.007964757191689407,0.018864329533609454,-0.42221257731418826,0.6738238685078617,0.6738238685078617,Macf1
ENSMUSG00000019505,chol1,-0.05860260553981788,0.13919011946097998,-0.4210256142228997,0.6746873715081319,0.6746873715081319,Ubb
ENSMUSG00000015341,chol1,-0.00346958253330004,0.008249793920078793,-0.4205659640607001,0.6750218791003113,0.6750218791003113,Golga7
ENSMUSG00000037119,chol1,0.005311560603060071,0.01263134415192151,0.4205063641031477,0.6750652573832214,0.6750652573832214,Fam91a1
ENSMUSG00000079557,chol1,-0.0032527979783194432,0.007751620197554581,-0.41962814165554835,0.6757045758681272,0.6757045758681272,Marchf2
ENSMUSG00000028434,chol1,0.010892605152357923,0.02601879788466693,0.4186436744941631,0.6764215197250776,0.6764215197250776,Epb41l4b
ENSMUSG00000055737,chol1,-0.04554242511257856,0.10894994489360313,-0.4180123740039866,0.6768814248381649,0.6768814248381649,Ghr
ENSMUSG00000039653,chol1,-0.01815511188985799,0.043498849883431424,-0.4173699290558304,0.6773495744304997,0.6773495744304997,Baat
ENSMUSG00000030161,chol1,0.03766226156137805,0.09031000499672467,0.41703310239816693,0.6775950706055095,0.6775950706055095,Gabarapl1
ENSMUSG00000032420,chol1,0.01358793341713952,0.03258291257048739,0.4170263596829909,0.6775999853900052,0.6775999853900052,Nt5e
ENSMUSG00000044477,chol1,0.0032347813864182303,0.007763100948997477,0.41668676057033216,0.6778475381879394,0.6778475381879394,Zfand3
ENSMUSG00000021413,chol1,-0.002905435978681087,0.006988272911448444,-0.4157588027109382,0.6785241587356846,0.6785241587356846,Prpf4b
ENSMUSG00000023057,chol1,0.009069733513574018,0.021838993188925487,0.41529998361706816,0.6788588040463389,0.6788588040463389,Fabp2
ENSMUSG00000021109,chol1,0.0029370539258315384,0.007075820613598459,0.4150831523607378,0.6790169749584662,0.6790169749584662,Hif1a
ENSMUSG00000027884,chol1,0.002564930472442982,0.0061814796242594915,0.4149379482505771,0.6791229043700854,0.6791229043700854,Clcc1
ENSMUSG00000078675,chol1,-0.4402686737672322,1.0628807562915967,-0.41422207633463487,0.6796452418643082,0.6796452418643082,Mup16
ENSMUSG00000001891,chol1,-0.041449319577065775,0.10012131324411909,-0.4139909698947184,0.6798139025552341,0.6798139025552341,Ugp2
ENSMUSG00000044986,chol1,0.014044232570754513,0.033935224235628086,0.41385412612095496,0.6799137783476181,0.6799137783476181,Tst
ENSMUSG00000025934,chol1,0.1510583543279289,0.36606597791155676,0.4126533560691218,0.680790408084682,0.680790408084682,Gsta3
ENSMUSG00000001123,chol1,-0.0309005386986507,0.07491677693951632,-0.4124648705002098,0.6809280529849177,0.6809280529849177,Lgals9
ENSMUSG00000038371,chol1,0.003119771742967597,0.007585545018650059,0.41127852188566916,0.6817946525446841,0.6817946525446841,Sbf2
ENSMUSG00000024395,chol1,-0.004196919907698393,0.010206840993591582,-0.41118695885763784,0.6818615549149787,0.6818615549149787,Lims2
ENSMUSG00000041757,chol1,-0.005634570995600175,0.013707686645843117,-0.4110519259140542,0.681960224090989,0.681960224090989,Plekha6
ENSMUSG00000066026,chol1,-0.014066015188434736,0.03425172107550249,-0.4106659387254858,0.6822422971180442,0.6822422971180442,Dhrs3
ENSMUSG00000051391,chol1,-0.005591154587957727,0.01361828156062125,-0.4105624166359698,0.6823179570142788,0.6823179570142788,Ywhag
ENSMUSG00000037487,chol1,0.007820971061037891,0.019101634207214585,0.40943989274404347,0.6831385701760813,0.6831385701760813,Ubr5
ENSMUSG00000025132,chol1,0.005082125046279942,0.012436349640468436,0.40865086566418823,0.6837156106530085,0.6837156106530085,Arhgdia
ENSMUSG00000019883,chol1,0.007432880765621099,0.018194720192491073,0.40851855301894857,0.6838123934650834,0.6838123934650834,Echdc1
ENSMUSG00000052459,chol1,0.0030856437003297654,0.007555633441088603,0.40838980932420554,0.6839065707604141,0.6839065707604141,Atp6v1a
ENSMUSG00000003948,chol1,-0.017310693811832138,0.042544541590716745,-0.406884012956655,0.6850084463317683,0.6850084463317683,Mmd
ENSMUSG00000023452,chol1,0.003387848003719618,0.008331768101625786,0.4066181346380181,0.6852030752160996,0.6852030752160996,Pisd
ENSMUSG00000035150,chol1,0.0071544115773068805,0.017676303408618407,0.40474591388936076,0.6865741830911953,0.6865741830911953,Eif2s3x
ENSMUSG00000085214,chol1,0.012626640678141201,0.03140343205481731,0.40207836697913607,0.6885295528235333,0.6885295528235333,NA
ENSMUSG00000041417,chol1,0.01166478031014024,0.029055979444727938,0.401458857455819,0.6889839700653839,0.6889839700653839,Pik3r1
ENSMUSG00000070923,chol1,-0.002526356325500895,0.006295298831451387,-0.40130840380113314,0.6890943467373134,0.6890943467373134,Klhl9
ENSMUSG00000029406,chol1,-0.005196371092034683,0.013026082200438379,-0.3989204898353708,0.690847080625084,0.690847080625084,Pitpnm2
ENSMUSG00000045282,chol1,-0.005752701027199696,0.014428331158050799,-0.39870869085159394,0.691002623013611,0.691002623013611,Tmem86b
ENSMUSG00000026104,chol1,0.007659385402226614,0.01922461708461214,0.39841549865549086,0.6912179613745972,0.6912179613745972,Stat1
ENSMUSG00000040583,chol1,0.05317246988574249,0.1338293967942262,0.39731532204019104,0.6920262248249938,0.6920262248249938,Cyp2b13
ENSMUSG00000030082,chol1,-0.01597320145340579,0.04027506122148976,-0.39660278517175523,0.6925498924176945,0.6925498924176945,Sec61a1
ENSMUSG00000036046,chol1,-0.004976146537398533,0.012549133431447207,-0.3965330805176296,0.6926011287617684,0.6926011287617684,5031439G07Rik
ENSMUSG00000024006,chol1,-0.0028502396655789098,0.007190299159406972,-0.3964007063391764,0.6926984342168485,0.6926984342168485,Stk38
ENSMUSG00000021051,chol1,-0.004382528478315153,0.01107760027669143,-0.395620745364545,0.6932718715571127,0.6932718715571127,Ppp2r5e
ENSMUSG00000005625,chol1,-0.003614552741925747,0.009142230432503841,-0.3953688072742886,0.6934571378455958,0.6934571378455958,Psmd4
ENSMUSG00000031958,chol1,-0.01592585908507763,0.04038739751374276,-0.394327440376877,0.6942231193516233,0.6942231193516233,Ldhd
ENSMUSG00000014542,chol1,0.014173688232407167,0.035965013377405014,0.39409656500536083,0.6943929836463896,0.6943929836463896,Clec4f
ENSMUSG00000078622,chol1,-0.005365279057352689,0.013625690677165628,-0.3937619886193363,0.6946391726178622,0.6946391726178622,Ccdc47
ENSMUSG00000027792,chol1,0.018618055424010505,0.04729220304593984,0.3936812883494738,0.6946985586249552,0.6946985586249552,Bche
ENSMUSG00000031451,chol1,0.008173960745989802,0.02077107745119892,0.3935260828521919,0.6948127771593391,0.6948127771593391,Gas6
ENSMUSG00000027712,chol1,-0.005515660877726224,0.014023142509985083,-0.3933255954433063,0.6949603298897661,0.6949603298897661,Anxa5
ENSMUSG00000032554,chol1,-1.4783520608570597,3.778601054637743,-0.3912432245374447,0.6964935857886074,0.6964935857886074,Trf
ENSMUSG00000027890,chol1,-0.013746895282458383,0.03515139128027309,-0.39107684736715165,0.6966161442612825,0.6966161442612825,Gstm4
ENSMUSG00000025017,chol1,0.006996548333491201,0.01791080258366432,0.3906328764894351,0.6969432260552326,0.6969432260552326,Pik3ap1
ENSMUSG00000063558,chol1,-0.06793512411637623,0.17472166682706147,-0.388819116427146,0.6982800515614318,0.6982800515614318,Aox1
ENSMUSG00000034636,chol1,0.006201389173504645,0.015951531258205382,0.3887645062485574,0.6983203165769496,0.6983203165769496,Zyg11b
ENSMUSG00000030007,chol1,0.0047844948812219585,0.012337667863618756,0.3877957272079312,0.6990347571451992,0.6990347571451992,Cct7
ENSMUSG00000032193,chol1,-0.017427685227439028,0.045040207201740734,-0.3869361690406583,0.6996688779393603,0.6996688779393603,Ldlr
ENSMUSG00000001783,chol1,0.0025903608544786006,0.0067047434056168075,0.38634750023521575,0.70010327866698,0.70010327866698,Rtcb
ENSMUSG00000055204,chol1,0.004242787086386377,0.010985408948652043,0.3862202223165288,0.700197214915175,0.700197214915175,Ankrd17
ENSMUSG00000051339,chol1,0.011162410733504971,0.028929297969546137,0.38585142111832915,0.7004694314097448,0.7004694314097448,2900026A02Rik
ENSMUSG00000016554,chol1,0.0033308005355559226,0.008641590665743762,0.38543836018056155,0.7007743629402332,0.7007743629402332,Eif3d
ENSMUSG00000060733,chol1,0.006438402243824337,0.016719187840226815,0.38509060998366007,0.7010311184915443,0.7010311184915443,Ipmk
ENSMUSG00000024835,chol1,-0.0031608504748538453,0.008232802134656833,-0.38393373521609586,0.7018855272000828,0.7018855272000828,Coro1b
ENSMUSG00000024236,chol1,-0.005034093644793837,0.013125153721366883,-0.38354549985945424,0.7021723439135668,0.7021723439135668,Svil
ENSMUSG00000022905,chol1,-0.0036809244797272535,0.009603014452902564,-0.38330927208119253,0.7023468830481164,0.7023468830481164,Kpna1
ENSMUSG00000057400,chol1,0.32597281063534905,0.8531311726549721,0.3820899072541342,0.7032480757329989,0.7032480757329989,Ces1c
ENSMUSG00000026434,chol1,0.005247557537820406,0.013750519795631886,0.38162612147123287,0.703590955942468,0.703590955942468,Nucks1
ENSMUSG00000063870,chol1,-0.005466830576626651,0.014327255509103349,-0.3815685825630107,0.7036334991479234,0.7036334991479234,Chd4
ENSMUSG00000033228,chol1,0.0028079351822353736,0.007375353341540143,0.3807187333548161,0.7042619716404999,0.7042619716404999,Scaf11
ENSMUSG00000005615,chol1,0.006093595586399297,0.016021380217708273,0.38034148766184983,0.7045410146124292,0.7045410146124292,Pcyt1a
ENSMUSG00000038664,chol1,0.003626683901464604,0.009535837810981303,0.38032147498232177,0.7045558188195995,0.7045558188195995,Herc1
ENSMUSG00000019944,chol1,0.010941275260243986,0.02899646941514536,0.37733129173750957,0.70676905582803,0.70676905582803,Rhobtb1
ENSMUSG00000020048,chol1,-0.08809300953151744,0.2339763909967642,-0.37650383936700577,0.7073819554125536,0.7073819554125536,Hsp90b1
ENSMUSG00000061167,chol1,0.0182085211510147,0.04842853185041216,0.3759874696853882,0.7077645316083779,0.7077645316083779,Rpl15-ps3
ENSMUSG00000021518,chol1,-0.0027640629923971712,0.0073966957808730685,-0.37368888410210044,0.7094684525311394,0.7094684525311394,Ptdss1
ENSMUSG00000055782,chol1,0.013861283095547645,0.0371492793142012,0.3731238761945198,0.7098875143571227,0.7098875143571227,Abcd2
ENSMUSG00000096674,chol1,-0.11538584565312843,0.30983604968006107,-0.3724093622168133,0.7104175912819973,0.7104175912819973,Mup15
ENSMUSG00000015451,chol1,0.07910384480932688,0.21254517868459522,0.37217426101540707,0.7105920370904577,0.7105920370904577,C4a
ENSMUSG00000078673,chol1,-2.059462353174156,5.534894028498045,-0.37208704314308505,0.7106567569351103,0.7106567569351103,Mup19
ENSMUSG00000098178,chol1,0.11730497421238005,0.3158265060791312,0.37142219527004794,0.7111501755694376,0.7111501755694376,NA
ENSMUSG00000031229,chol1,0.003520333129558038,0.009499297530655256,0.37058878492831115,0.7117688669493658,0.7117688669493658,Atrx
ENSMUSG00000036083,chol1,0.006086684719435859,0.016443600426770667,0.3701552313036357,0.7120907965545322,0.7120907965545322,Slc17a3
ENSMUSG00000059495,chol1,-0.010002052160735658,0.027048298697241454,-0.3697848900846295,0.7123658299006338,0.7123658299006338,Arhgef12
ENSMUSG00000074063,chol1,-0.04220303811746059,0.11438332931922665,-0.36896144192199776,0.7129774985984865,0.7129774985984865,Osgin1
ENSMUSG00000024140,chol1,0.016207413187418727,0.043958127415768725,0.3687011740542155,0.7131708682002906,0.7131708682002906,Epas1
ENSMUSG00000020671,chol1,-0.0036935403518137426,0.010027849220892872,-0.36832826964712506,0.7134479553041911,0.7134479553041911,Rab10
ENSMUSG00000028382,chol1,0.005048177258676953,0.013757471293000211,0.36694078084287635,0.7144792676988934,0.7144792676988934,Ptbp3
ENSMUSG00000038102,chol1,-0.002741604170792405,0.0074815470124203025,-0.3664488328738695,0.7148450571326277,0.7148450571326277,Trappc11
ENSMUSG00000022564,chol1,0.006849698685218845,0.018700274918845666,0.3662886623295517,0.7149641668007121,0.7149641668007121,Grina
ENSMUSG00000039063,chol1,0.011787295098199604,0.03228503584613336,0.3651008830956995,0.7158476701158101,0.7158476701158101,Echdc3
ENSMUSG00000052296,chol1,-0.003915766869580943,0.010727892824189686,-0.36500801543724537,0.7159167639836423,0.7159167639836423,Ppp6r1
ENSMUSG00000031168,chol1,0.009488535056526097,0.02611164486331359,0.3633832761664634,0.7171259576971545,0.7171259576971545,Ebp
ENSMUSG00000027365,chol1,0.0036055724937791227,0.00998005989967988,0.36127764061764545,0.718694124736645,0.718694124736645,Trpm7
ENSMUSG00000017291,chol1,0.003405330460388668,0.009442695763051923,0.36063117417308904,0.7191758209856189,0.7191758209856189,Taok1
ENSMUSG00000032097,chol1,0.005862573509785535,0.01626071596169604,0.36053600121885726,0.7192467460053251,0.7192467460053251,Ddx6
ENSMUSG00000032038,chol1,0.007603239381441519,0.021117459329221294,0.360045176974511,0.7196125582194486,0.7196125582194486,St3gal4
ENSMUSG00000056429,chol1,0.0228966207454732,0.06370613969352308,0.3594099541366665,0.7200860878183849,0.7200860878183849,Tgoln1
ENSMUSG00000044786,chol1,0.007467479572244108,0.02079217596762484,0.35914853663568447,0.7202809943207615,0.7202809943207615,Zfp36
ENSMUSG00000026750,chol1,-0.004264603025632622,0.011905771594192758,-0.3581962741257992,0.7209911340598613,0.7209911340598613,Psmb7
ENSMUSG00000036216,chol1,0.005961457151221372,0.016647270144308907,0.35810418762618423,0.7210598195707603,0.7210598195707603,Leap2
ENSMUSG00000002289,chol1,-0.02012496766860973,0.056247652551500216,-0.3577921345283407,0.7212925908399204,0.7212925908399204,Angptl4
ENSMUSG00000010064,chol1,0.1759635652784117,0.49211093810072387,0.3575688968782807,0.7214591276691473,0.7214591276691473,Slc38a3
ENSMUSG00000029613,chol1,-0.0022646613598987387,0.006348702801906229,-0.3567124545850158,0.7220981639378736,0.7220981639378736,Eif2ak1
ENSMUSG00000028223,chol1,-0.016133386917625975,0.045245484008979826,-0.35657452386682387,0.722201099675157,0.722201099675157,Decr1
ENSMUSG00000032652,chol1,-0.004425663503844478,0.012439633329913071,-0.3557712182080374,0.7228006967590312,0.7228006967590312,Crebl2
ENSMUSG00000031549,chol1,-0.009481245425818612,0.02681698249062884,-0.35355377619878825,0.7244567189995446,0.7244567189995446,Ido2
ENSMUSG00000061136,chol1,0.0023520847504326643,0.006653106990272399,0.353531779042736,0.7244731534159697,0.7244731534159697,Prpf40a
ENSMUSG00000037434,chol1,-0.003189420531939623,0.009025002580878128,-0.35339829582955024,0.724572883560479,0.724572883560479,Slc30a1
ENSMUSG00000020515,chol1,0.004321513246829282,0.012229331845902544,0.3533728008433438,0.7245919323283999,0.7245919323283999,Cnot8
ENSMUSG00000032051,chol1,0.005766873929103459,0.01637425333756669,0.35219156624826287,0.7254746902381098,0.7254746902381098,Fdx1
ENSMUSG00000094410,chol1,-0.0061369937834183964,0.01745052712225218,-0.3516795647733047,0.7258574333985894,0.7258574333985894,Zbed6
ENSMUSG00000008226,chol1,0.003007777658191346,0.008558477075687047,0.35143841966181716,0.7260377238591494,0.7260377238591494,Scrn3
ENSMUSG00000021069,chol1,-0.03785929516708127,0.10787198262543723,-0.35096504435762255,0.726391684442043,0.726391684442043,Pygl
ENSMUSG00000031666,chol1,-0.0033758580949018752,0.0096203214832671,-0.35090907312958325,0.7264335401671098,0.7264335401671098,Rbl2
ENSMUSG00000021996,chol1,-0.009771314867273381,0.02789009275698469,-0.3503507482895083,0.7268511052760358,0.7268511052760358,Esd
ENSMUSG00000029482,chol1,0.016459823920923686,0.04707023784981815,0.3496864403668459,0.7273480413769268,0.7273480413769268,Aacs
ENSMUSG00000027597,chol1,-0.21664061433946666,0.6198318821632229,-0.34951511946011476,0.7274762170324272,0.7274762170324272,Ahcy
ENSMUSG00000032096,chol1,0.009489814923239867,0.027155791145812277,0.34945823792371083,0.7275187753041097,0.7275187753041097,Arcn1
ENSMUSG00000031812,chol1,-0.00475496805606976,0.013661620846328066,-0.34805299528919276,0.7285704364241039,0.7285704364241039,Map1lc3b
ENSMUSG00000034957,chol1,-0.029351114851774964,0.08438263628581791,-0.34783358453459423,0.7287346868375959,0.7287346868375959,Cebpa
ENSMUSG00000029776,chol1,0.017951503560327476,0.051617013807264,0.3477826831935245,0.7287727932790152,0.7287727932790152,Hibadh
ENSMUSG00000003464,chol1,-0.007159931720925422,0.020595979312976766,-0.3476373525202666,0.7288815964142201,0.7288815964142201,Pex19
ENSMUSG00000031722,chol1,-0.8591646402648505,2.472728152376031,-0.3474561647382402,0.7290172520710465,0.7290172520710465,Hp
ENSMUSG00000038150,chol1,-0.006867792252520628,0.019767424887219706,-0.34742978874101516,0.7290370005520153,0.7290370005520153,Ormdl3
ENSMUSG00000066072,chol1,-0.10274623561016356,0.29602910353209594,-0.3470815348364005,0.7292977655628958,0.7292977655628958,Cyp4a10
ENSMUSG00000021427,chol1,-0.008574382646954988,0.024706020567745738,-0.34705640365850887,0.7293165844777689,0.7293165844777689,Ssr1
ENSMUSG00000039041,chol1,-0.0037495426679639544,0.010804418447217683,-0.3470378980859931,0.729330442063626,0.729330442063626,Adrm1
ENSMUSG00000026867,chol1,-0.001918183070578,0.005533297865648562,-0.34666181310901983,0.7296120864105196,0.7296120864105196,Gapvd1
ENSMUSG00000022885,chol1,-0.018816194969907274,0.05433321100664358,-0.3463111165582783,0.7298747511428566,0.7298747511428566,St6gal1
ENSMUSG00000057103,chol1,0.015220222186824584,0.04398808595460289,0.3460078304505529,0.7301019323614129,0.7301019323614129,Nat8f1
ENSMUSG00000085438,chol1,0.0051155765836354145,0.014785013897489699,0.34599741461886435,0.7301097349310802,0.7301097349310802,Oip5os1
ENSMUSG00000037235,chol1,-0.0038735679906320886,0.011198677931717593,-0.34589511496362696,0.7301863697998339,0.7301863697998339,Mxd4
ENSMUSG00000092341,chol1,-0.03980602857733259,0.11510494237261704,-0.3458238000630134,0.7302397949424855,0.7302397949424855,Malat1
ENSMUSG00000040181,chol1,-0.04033513935647183,0.11686177542942566,-0.3451525463159743,0.7307427259123676,0.7307427259123676,Fmo1
ENSMUSG00000027531,chol1,-0.0036435526644337532,0.01055749255688678,-0.34511534294731944,0.7307706036511299,0.7307706036511299,Impa1
ENSMUSG00000059796,chol1,0.020430034871406346,0.059206291310084785,0.34506526957425615,0.7308081258885348,0.7308081258885348,Eif4a1
ENSMUSG00000024354,chol1,0.006632551984226082,0.019227055706720553,0.34495931594496626,0.7308875238798929,0.7308875238798929,Slc23a1
ENSMUSG00000052738,chol1,-0.008760402614063944,0.025480753794285164,-0.3438046882282082,0.7317529517242896,0.7317529517242896,Suclg1
ENSMUSG00000019726,chol1,0.003685900414151753,0.010738756240875301,0.34323345566984587,0.7321812358230875,0.7321812358230875,Lyst
ENSMUSG00000033499,chol1,-0.0035887814380795796,0.010463095502190958,-0.3429942350548262,0.7323606177084285,0.7323606177084285,Larp4b
ENSMUSG00000024900,chol1,0.044125713012631185,0.12880922956784974,0.3425663918701427,0.7326814770847568,0.7326814770847568,Cpt1a
ENSMUSG00000030058,chol1,0.006241690273030172,0.018235273877269968,0.3422866207022181,0.7328913160838073,0.7328913160838073,Copg1
ENSMUSG00000020629,chol1,-0.009164868005269418,0.02677916786509722,-0.3422387152370967,0.7329272490358507,0.7329272490358507,Adi1
ENSMUSG00000024404,chol1,-0.009434246304061427,0.02760904071459167,-0.34170858747277405,0.7333249271795907,0.7333249271795907,Riok3
ENSMUSG00000091228,chol1,-0.005348128223452495,0.015659131692761778,-0.3415341494269823,0.7334557987061456,0.7334557987061456,NA
ENSMUSG00000050440,chol1,-0.08886044501941606,0.26026133340157886,-0.34142776361752475,0.7335356181466961,0.7335356181466961,Hamp
ENSMUSG00000063730,chol1,-0.0186223079274329,0.05455201867607506,-0.34136789763932435,0.7335805358457763,0.7335805358457763,Hsd3b2
ENSMUSG00000048307,chol1,0.003082131288692194,0.00904150597913519,0.34088693806150605,0.733941435479998,0.733941435479998,Ankrd46
ENSMUSG00000020366,chol1,-0.0027771680973988472,0.008185402030781132,-0.3392830415604916,0.7351453892169855,0.7351453892169855,Mapk9
ENSMUSG00000039062,chol1,0.008343193531999893,0.024623022714785902,0.3388370968357951,0.7354802521552348,0.7354802521552348,Anpep
ENSMUSG00000002996,chol1,0.0036525644259994233,0.010798011975749486,0.3382626759631742,0.7359116639660156,0.7359116639660156,Hbp1
ENSMUSG00000030834,chol1,0.02248189730586097,0.06652815279473136,0.3379305806855561,0.7361611186941321,0.7361611186941321,Abcc6
ENSMUSG00000058546,chol1,0.015354726797599461,0.04548239429569066,0.3375971523788993,0.7364116031602178,0.7364116031602178,Rpl23a
ENSMUSG00000020189,chol1,-0.005292698099723619,0.01569725958391481,-0.33717338185240414,0.7367299973254327,0.7367299973254327,Osbpl8
ENSMUSG00000039648,chol1,-0.013414258702783708,0.03989775044754039,-0.3362159157424543,0.7374495453453618,0.7374495453453618,Kyat1
ENSMUSG00000015846,chol1,0.020868669806528125,0.06210160948963322,0.3360407238722498,0.7375812295993663,0.7375812295993663,Rxra
ENSMUSG00000054008,chol1,0.010424904943129466,0.031055325996624875,0.33568815037595984,0.7378462677698785,0.7378462677698785,Ndst1
ENSMUSG00000004035,chol1,-0.022560689291464656,0.06722921092403049,-0.33557867155332827,0.7379285721377742,0.7379285721377742,Gstm7
ENSMUSG00000033831,chol1,0.6625024106904541,1.9747752757949906,0.3354824312471447,0.7380009265287717,0.7380009265287717,Fgb
ENSMUSG00000020190,chol1,-0.015224877820924586,0.04542433121592807,-0.33517010406937975,0.7382357533550121,0.7382357533550121,Mknk2
ENSMUSG00000054889,chol1,-0.0074889724558941115,0.02235724799991783,-0.3349684386880548,0.7383873910051523,0.7383873910051523,Dsp
ENSMUSG00000090150,chol1,0.03397779660068367,0.10157434095912345,0.3345116126754625,0.7387309290594157,0.7387309290594157,Acad11
ENSMUSG00000015002,chol1,-0.0023893512196381888,0.007151315778361826,-0.33411351053295607,0.7390303493481444,0.7390303493481444,Efr3a
ENSMUSG00000049470,chol1,0.005092425629192076,0.01528765970189788,0.33310694563405796,0.7397875854200644,0.7397875854200644,Aff4
ENSMUSG00000032115,chol1,-0.028117073471039603,0.08448231670991202,-0.3328160799328639,0.7400064506713738,0.7400064506713738,Hyou1
ENSMUSG00000073411,chol1,-0.04496090687181955,0.13523961524114333,-0.33245367336819587,0.7402791775920078,0.7402791775920078,H2-D1
ENSMUSG00000009646,chol1,0.0024410841993783316,0.007356742031659515,0.33181593005072085,0.7407591880809876,0.7407591880809876,Pla2g12b
ENSMUSG00000026766,chol1,-0.002774313334653559,0.00836249785080913,-0.33175653783697234,0.740803896061535,0.740803896061535,Mmadhc
ENSMUSG00000013663,chol1,-0.009028916360286177,0.02739286862573902,-0.32960828176288126,0.7424216102285105,0.7424216102285105,Pten
ENSMUSG00000020817,chol1,-0.0025076556513203767,0.00763352844486462,-0.32850544403320814,0.7432525364608016,0.7432525364608016,Rabep1
ENSMUSG00000045636,chol1,0.01408449548393762,0.04295223036400821,0.32791068972613147,0.7437007765988362,0.7437007765988362,Mtus1
ENSMUSG00000030286,chol1,-0.0016141286023023682,0.004925803592388038,-0.3276883805916906,0.7438683438716933,0.7438683438716933,Emc3
ENSMUSG00000060938,chol1,-0.013686249773981675,0.04194137634836355,-0.3263185657119161,0.7449011242951437,0.7449011242951437,Rpl26
ENSMUSG00000021097,chol1,0.016796928474871055,0.051491962926813885,0.32620485839207025,0.7449868756087668,0.7449868756087668,Clmn
ENSMUSG00000003731,chol1,-0.002445948114791499,0.0074998335019786765,-0.3261336553866411,0.7450405743252952,0.7450405743252952,Kpna6
ENSMUSG00000040354,chol1,-0.002986814733814934,0.00918868370665229,-0.32505360170930503,0.7458552657307906,0.7458552657307906,Mars1
ENSMUSG00000030754,chol1,-0.007281329590756053,0.022413352948881138,-0.3248656998068436,0.745997030851489,0.745997030851489,Copb1
ENSMUSG00000024921,chol1,-0.007705470720934032,0.02372462415952123,-0.3247878941779422,0.7460557349136849,0.7460557349136849,Smarca2
ENSMUSG00000000876,chol1,0.008506830748831181,0.026211044194319,0.32455138703230135,0.7462341878819923,0.7462341878819923,Pxmp4
ENSMUSG00000026398,chol1,0.0027895139528676333,0.008600909952257664,0.3243277709395632,0.746402926814423,0.746402926814423,Nr5a2
ENSMUSG00000038068,chol1,0.0068457607563220555,0.021117350377448458,0.32417706928009055,0.7465166520614892,0.7465166520614892,Rnf144b
ENSMUSG00000028559,chol1,-0.005526831997313617,0.017054073281671522,-0.32407694666431713,0.7465922115249357,0.7465922115249357,Osbpl9
ENSMUSG00000037278,chol1,0.005703532344305643,0.017609586897631424,0.32388791272967316,0.7467348763769781,0.7467348763769781,Tmem97
ENSMUSG00000020585,chol1,-0.004232649882470434,0.013078499524965263,-0.32363421158450334,0.7469263597517506,0.7469263597517506,Laptm4a
ENSMUSG00000037058,chol1,0.002012289458503025,0.006228316010098132,0.32308724464854505,0.7473392422753711,0.7473392422753711,Paip2
ENSMUSG00000036241,chol1,-0.003013297543503152,0.009328425449008316,-0.32302316826935557,0.7473876156831261,0.7473876156831261,Ube2r2
ENSMUSG00000031696,chol1,0.003579385186970999,0.011165655317971762,0.32057099068872147,0.7492396045540342,0.7492396045540342,Vps35
ENSMUSG00000005469,chol1,-0.0022881974927028274,0.007162231365070428,-0.31948109130656754,0.7500632154777085,0.7500632154777085,Prkaca
ENSMUSG00000028194,chol1,0.014540632119578723,0.045530951891009946,0.3193570860188794,0.7501569416731302,0.7501569416731302,Ddah1
ENSMUSG00000026417,chol1,0.1594130092301605,0.5011248077678948,0.3181103923795279,0.7510994308476431,0.7510994308476431,Pigr
ENSMUSG00000027801,chol1,-0.006632072610017127,0.0209333099420821,-0.31681910927448287,0.7520760271145374,0.7520760271145374,Tm4sf4
ENSMUSG00000032261,chol1,-0.004523575266271148,0.014285767649454549,-0.31664908580841045,0.7522046457969995,0.7522046457969995,Sh3bgrl2
ENSMUSG00000054474,chol1,0.006262786871130782,0.019804818723073114,0.3162254074981498,0.7525251787027181,0.7525251787027181,Thnsl2
ENSMUSG00000020021,chol1,-0.004299368870596936,0.013659013078528029,-0.31476423998418634,0.7536309540687518,0.7536309540687518,Fgd6
ENSMUSG00000026775,chol1,0.0029821134224778272,0.009474234145030989,0.3147603676273797,0.7536338852556183,0.7536338852556183,Yme1l1
ENSMUSG00000029761,chol1,-0.01148902308400991,0.03650980377291121,-0.31468323290563116,0.7536922732617354,0.7536922732617354,Cald1
ENSMUSG00000037876,chol1,-0.0023395602758715674,0.0074381729078646045,-0.3145342686774436,0.753805037480015,0.753805037480015,Jmjd1c
ENSMUSG00000027698,chol1,0.0039553486279608275,0.012591250750630093,0.31413468814945916,0.7541075417088023,0.7541075417088023,Nceh1
ENSMUSG00000024228,chol1,-0.005844836707106005,0.018644368240853,-0.3134907351968606,0.7545951298249655,0.7545951298249655,Nudt12
ENSMUSG00000031447,chol1,-0.023910617396096148,0.07659468317442691,-0.31217072001780033,0.7555949289821535,0.7555949289821535,Lamp1
ENSMUSG00000027222,chol1,0.004788764389836499,0.015356976820650632,0.3118298898124932,0.7558531464899163,0.7558531464899163,Pex16
ENSMUSG00000023025,chol1,-0.004018672217390914,0.012906645155221228,-0.31136458537912226,0.7562057120579034,0.7562057120579034,Larp4
ENSMUSG00000029311,chol1,0.017386454654256495,0.056020264167663716,0.31036009759290617,0.7569669976825287,0.7569669976825287,Hsd17b11
ENSMUSG00000020644,chol1,0.016151921500589767,0.05214357633817988,0.3097586056590296,0.757422973787116,0.757422973787116,Id2
ENSMUSG00000075595,chol1,-0.004266632799786468,0.01379194814685583,-0.30935678950903966,0.7577276284334685,0.7577276284334685,Zfp652
ENSMUSG00000032271,chol1,-0.015830580286031622,0.051211117255402186,-0.3091238999352563,0.7579042214454661,0.7579042214454661,Nnmt
ENSMUSG00000039100,chol1,0.009279989796884816,0.03005633094459783,0.3087532478262372,0.758185302022173,0.758185302022173,Marchf6
ENSMUSG00000050565,chol1,0.007712612083588073,0.02507617028052136,0.30756738358803803,0.7590848091138264,0.7590848091138264,Tor1aip2
ENSMUSG00000029545,chol1,-0.007986975615846227,0.02603627681359137,-0.3067633545698398,0.7596948733438176,0.7596948733438176,Acads
ENSMUSG00000037443,chol1,-0.012101878923033237,0.039463422188377645,-0.3066606556640026,0.7597728080092748,0.7597728080092748,Cep85
ENSMUSG00000026638,chol1,0.0049374422038728875,0.016147764082587727,0.30576630786902403,0.7604516024387745,0.7604516024387745,Irf6
ENSMUSG00000039000,chol1,-0.0023052103477669453,0.007548562408623928,-0.30538402188121744,0.7607418080645788,0.7607418080645788,Ube3c
ENSMUSG00000030747,chol1,0.04720346178352172,0.15464578793658415,0.30523600036800563,0.7608541851586704,0.7608541851586704,Dgat2
ENSMUSG00000026615,chol1,0.0062796654497550355,0.02060175120661899,0.30481221653319873,0.7611759477824748,0.7611759477824748,Eprs
ENSMUSG00000054263,chol1,-0.04767053069114256,0.15670578647086117,-0.304204023123337,0.7616377987543235,0.7616377987543235,Lifr
ENSMUSG00000029456,chol1,0.0072086073393547515,0.02380135423509735,0.3028654280824482,0.7626546070683544,0.7626546070683544,Acad10
ENSMUSG00000027870,chol1,-0.015248188538070225,0.050506143928959975,-0.3019075968166912,0.7633824395253865,0.7633824395253865,Hao2
ENSMUSG00000019889,chol1,0.003201588844594063,0.010612327242806646,0.30168583868012516,0.7635509784063014,0.7635509784063014,Ptprk
ENSMUSG00000022100,chol1,-0.00276495608785871,0.00916548249020836,-0.3016705438925402,0.7635626030506185,0.7635626030506185,Xpo7
ENSMUSG00000009112,chol1,-0.002360241818134857,0.007826177446800683,-0.3015829674421344,0.7636291656640168,0.7636291656640168,Bcl2l13
ENSMUSG00000056978,chol1,-0.20739639468404722,0.6884378356242429,-0.3012565317476922,0.7638772892403929,0.7638772892403929,Hamp2
ENSMUSG00000046352,chol1,-0.01903314643407578,0.06321962113887779,-0.30106391166540986,0.7640237112084901,0.7640237112084901,Gjb2
ENSMUSG00000007891,chol1,0.013375538095935138,0.04469819700543559,0.29924111020201966,0.7654097546078559,0.7654097546078559,Ctsd
ENSMUSG00000026991,chol1,0.004575009514297295,0.015312998021675163,0.2987664145075631,0.7657708348234996,0.7657708348234996,Pkp4
ENSMUSG00000078234,chol1,-0.006259768815491498,0.02098040401857737,-0.2983626440152775,0.7660780060415023,0.7660780060415023,Klhdc7a
ENSMUSG00000030244,chol1,-0.0182648945247587,0.06136762824014792,-0.2976307712803123,0.7666348785340541,0.7666348785340541,Gys2
ENSMUSG00000018932,chol1,0.004294183234172257,0.014432201213276168,0.29754180742865766,0.7667025783318142,0.7667025783318142,Map2k3
ENSMUSG00000036644,chol1,-0.0032909386004942236,0.011073450060866295,-0.2971918040362542,0.766968941807588,0.766968941807588,Tbc1d9b
ENSMUSG00000031708,chol1,-0.007815057473243726,0.02631581312283253,-0.29697191710421084,0.7671362969165402,0.7671362969165402,Tecr
ENSMUSG00000025486,chol1,-0.004350964388114441,0.014659385353065555,-0.2968040121276007,0.7672640961862801,0.7672640961862801,Sirt3
ENSMUSG00000019802,chol1,0.005697718721209568,0.019279224563428968,0.29553671634789974,0.7682288934558499,0.7682288934558499,Sec63
ENSMUSG00000047731,chol1,0.01491274989021964,0.050538479746349875,0.2950771365713016,0.7685788635804902,0.7685788635804902,Wbp1l
ENSMUSG00000018379,chol1,0.003196848916403333,0.010844725432656369,0.29478375789734296,0.768802296583112,0.768802296583112,Srsf1
ENSMUSG00000005981,chol1,0.0068584819314454,0.023288914723826194,0.2944955577697526,0.769021804675083,0.769021804675083,Trap1
ENSMUSG00000057113,chol1,0.004243299911314698,0.014410641022426703,0.2944560137686464,0.7690519248952179,0.7690519248952179,Npm1
ENSMUSG00000021660,chol1,-0.0027957708733349863,0.009504969244877677,-0.2941378137379724,0.7692943071582672,0.7692943071582672,Btf3
ENSMUSG00000055172,chol1,-0.017786059272780465,0.060529509198083496,-0.293841128210298,0.7695203218301312,0.7695203218301312,C1ra
ENSMUSG00000023944,chol1,-0.048804247423390346,0.16660472442173024,-0.2929343546096032,0.7702112240892155,0.7702112240892155,Hsp90ab1
ENSMUSG00000074622,chol1,-0.010443414168984255,0.03585524553235328,-0.29126600624058885,0.7714828803216596,0.7714828803216596,Mafb
ENSMUSG00000027227,chol1,-0.08139654049818747,0.28063011253601733,-0.2900492030688284,0.7724107514134104,0.7724107514134104,Sord
ENSMUSG00000028011,chol1,0.09102173904994804,0.31473815659110804,0.28919829751751036,0.7730598044826049,0.7730598044826049,Tdo2
ENSMUSG00000091867,chol1,-0.02976842415684392,0.10320941406968281,-0.2884274116384915,0.7736479594622648,0.7736479594622648,Cyp2a22
ENSMUSG00000034903,chol1,-0.002920300841218873,0.010125014098357008,-0.2884243728305279,0.7736502782122568,0.7736502782122568,Cobll1
ENSMUSG00000070407,chol1,0.005355365374846099,0.018601901207072093,0.28789344246221943,0.7740554339388063,0.7740554339388063,Hs3st3b1
ENSMUSG00000047036,chol1,0.00611088280624415,0.021251906311994574,0.287545160256761,0.7743212438721179,0.7743212438721179,Zfp445
ENSMUSG00000024588,chol1,0.007120296234749165,0.024818594354609216,0.28689361423995435,0.7748185777273933,0.7748185777273933,Fech
ENSMUSG00000045991,chol1,-0.007485593761031835,0.026141441278553824,-0.28634969592028353,0.7752338298105598,0.7752338298105598,Onecut2
ENSMUSG00000054252,chol1,0.0034733205758517636,0.012174467311606457,0.28529548660749154,0.7760388471865333,0.7760388471865333,Fgfr3
ENSMUSG00000025465,chol1,0.012993687931049349,0.0455782357056775,0.2850853643163458,0.776199330430147,0.776199330430147,Echs1
ENSMUSG00000032126,chol1,-0.00224831743312008,0.007899803615260598,-0.284604218360169,0.7765668475711389,0.7765668475711389,Hmbs
ENSMUSG00000031555,chol1,-0.0032862328979430004,0.011604744359122635,-0.2831801198067454,0.7776549243960343,0.7776549243960343,Adam9
ENSMUSG00000031877,chol1,0.003316345476618938,0.011723471351630814,0.28288084451689405,0.7778836409042937,0.7778836409042937,Ces2g
ENSMUSG00000055730,chol1,-0.0414388666792949,0.14665446399953724,-0.2825612364545934,0.7781279180074614,0.7781279180074614,Ces2a
ENSMUSG00000078515,chol1,-0.011704728476593112,0.041428272915901086,-0.2825299645088651,0.7781518204170103,0.7781518204170103,Ddi2
ENSMUSG00000024292,chol1,0.037333048105320295,0.13249134628309958,0.2817772567994688,0.7787272095648167,0.7787272095648167,Cyp4f14
ENSMUSG00000058997,chol1,-0.023383461094703833,0.08299892289814417,-0.2817321029984918,0.7787617302135555,0.7787617302135555,Vwa8
ENSMUSG00000051748,chol1,-0.03420224093989205,0.12192061884605333,-0.28052876751781025,0.7796818584787866,0.7796818584787866,Wfdc21
ENSMUSG00000022391,chol1,0.005837009712332445,0.020824317670633294,0.28029776555722963,0.7798585296288549,0.7798585296288549,Rangap1
ENSMUSG00000042770,chol1,0.008209385617482159,0.02929503814452966,0.28023126568330203,0.7799093911188701,0.7799093911188701,Hebp1
ENSMUSG00000029833,chol1,0.0050278610912598025,0.017961583272738325,0.27992304547511543,0.7801451414889642,0.7801451414889642,Trim24
ENSMUSG00000055538,chol1,-0.005476312757768551,0.019579477271304824,-0.2796965762612311,0.7803183755415777,0.7803183755415777,Zcchc24
ENSMUSG00000026193,chol1,-0.12112731468645904,0.4331208992373953,-0.27966167160192534,0.7803450762957417,0.7803450762957417,Fn1
ENSMUSG00000035828,chol1,-0.007744986223641889,0.027772184484097746,-0.2788756580555138,0.7809464167862218,0.7809464167862218,Pim3
ENSMUSG00000028603,chol1,0.2014669202521048,0.7231439565631795,0.2785986364452222,0.7811583842012028,0.7811583842012028,Scp2
ENSMUSG00000029630,chol1,-0.1729347022154101,0.6208952569738183,-0.2785247596483127,0.7812149149776785,0.7812149149776785,Cyp3a25
ENSMUSG00000053094,chol1,-0.0028575827657760845,0.01026615528761686,-0.27834984818736663,0.7813487625047518,0.7813487625047518,Tmem248
ENSMUSG00000061175,chol1,-0.006125877812314316,0.022035868078140432,-0.27799575630928663,0.7816197444323427,0.7816197444323427,Fnip2
ENSMUSG00000017950,chol1,0.03644729789652241,0.13116724930589949,0.2778688894475667,0.781716840553872,0.781716840553872,Hnf4a
ENSMUSG00000027879,chol1,0.002388124865465256,0.008622411530056207,0.2769671636688499,0.7824070657044515,0.7824070657044515,Sec22b
ENSMUSG00000072949,chol1,-0.0067122144634539065,0.02427813930867339,-0.2764715358996215,0.7827865176842347,0.7827865176842347,Acot1
ENSMUSG00000021024,chol1,-0.002253579442229691,0.008160781621112948,-0.27614749994037374,0.7830346275857465,0.7830346275857465,Psma6
ENSMUSG00000027193,chol1,0.0020487998209073443,0.00742159749674294,0.27605913980197466,0.7831022876260798,0.7831022876260798,Api5
ENSMUSG00000022912,chol1,0.0040036194797702885,0.014510215930521968,0.27591729157860084,0.7832109086015758,0.7832109086015758,Pros1
ENSMUSG00000017286,chol1,0.001576013595543346,0.005718371515499461,0.27560531722564935,0.783449819598231,0.783449819598231,Glod4
ENSMUSG00000027706,chol1,-0.0038780355774446613,0.014147608080204443,-0.27411245459017697,0.7845933455019055,0.7845933455019055,Sec62
ENSMUSG00000057880,chol1,-0.03205742885802593,0.11729897428404511,-0.2732967534771218,0.7852183686099772,0.7852183686099772,Abat
ENSMUSG00000025453,chol1,0.008826007654488932,0.03235355586621188,0.27279868991792294,0.7856000742190863,0.7856000742190863,Nnt
ENSMUSG00000029775,chol1,-0.0022655926847538815,0.008310079983137576,-0.2726318747053116,0.7857279296594599,0.7857279296594599,Klhdc10
ENSMUSG00000096688,chol1,1.3569956565726218,4.9828649679416035,0.2723324162511251,0.7859574641778267,0.7859574641778267,Mup17
ENSMUSG00000028737,chol1,-0.031966221962958855,0.11753188089995262,-0.2719791576395315,0.7862282607469351,0.7862282607469351,Aldh4a1
ENSMUSG00000020484,chol1,0.022495662599771035,0.08279485777815905,0.2717036202905985,0.7864394969619801,0.7864394969619801,Xbp1
ENSMUSG00000017707,chol1,0.014095349402881015,0.0518955289808155,0.27161009203879044,0.786511202501867,0.786511202501867,Serinc3
ENSMUSG00000026858,chol1,0.005827654445889055,0.021458914202459725,0.2715726616410564,0.7865398998743557,0.7865398998743557,Miga2
ENSMUSG00000022314,chol1,-0.0013687567267373245,0.005057254457410268,-0.2706521370961905,0.7872457460199775,0.7872457460199775,Rad21
ENSMUSG00000028420,chol1,0.0038681765698590485,0.01431577628940062,0.27020375924168644,0.7875896206307441,0.7875896206307441,Tmem38b
ENSMUSG00000054226,chol1,0.0072815794163990375,0.026999208249542283,0.2696960351243812,0.7879790604829653,0.7879790604829653,Tprkb
ENSMUSG00000033427,chol1,0.02321352537002442,0.08620447384927532,0.2692844620873417,0.7882947890532308,0.7882947890532308,Upb1
ENSMUSG00000040859,chol1,-0.0018645540765104478,0.006933395892332304,-0.26892364224758497,0.7885716125723664,0.7885716125723664,Bsdc1
ENSMUSG00000037503,chol1,-0.002014163344555325,0.007490915895452274,-0.268880784761997,0.7886044949396678,0.7886044949396678,Fam168b
ENSMUSG00000029445,chol1,-0.12329345855468808,0.46135902276891083,-0.2672397253980753,0.7898638835604148,0.7898638835604148,Hpd
ENSMUSG00000027187,chol1,-0.13585795705220313,0.5087721945214911,-0.26703101803741425,0.7900240906829732,0.7900240906829732,Cat
ENSMUSG00000022533,chol1,0.010384448299911317,0.038967423209244165,0.26649050526512197,0.7904390388640062,0.7904390388640062,Atp13a3
ENSMUSG00000045316,chol1,-0.003107645060745124,0.011662727641970738,-0.26645954155369456,0.7904628113351948,0.7904628113351948,Fahd1
ENSMUSG00000025980,chol1,0.018946719719995658,0.07126158144598958,0.26587565607641916,0.7909111280083343,0.7909111280083343,Hspd1
ENSMUSG00000028076,chol1,-0.01947340241602872,0.07331855085725392,-0.26559993600994747,0.7911228547551741,0.7911228547551741,Cd1d1
ENSMUSG00000040562,chol1,-0.009783739721545372,0.03684629957966543,-0.2655284203069547,0.7911777745605694,0.7911777745605694,Gstm2
ENSMUSG00000031665,chol1,0.004125485788825616,0.015551735031277264,0.2652749536002601,0.7913724303911109,0.7913724303911109,Sall1
ENSMUSG00000029250,chol1,-0.0017850456341860213,0.00673142594174718,-0.2651809066360615,0.7914446593730715,0.7914446593730715,Polr2b
ENSMUSG00000033577,chol1,0.003003910720589568,0.01139140727773717,0.263699703412437,0.7925824773719113,0.7925824773719113,Myo6
ENSMUSG00000032898,chol1,-0.014296451985087107,0.05424459328861382,-0.2635553355340208,0.7926934006957729,0.7926934006957729,Fbxo21
ENSMUSG00000089960,chol1,-0.05380483989288884,0.20446137686775595,-0.26315405245309187,0.7930017441073537,0.7930017441073537,Ugt1a1
ENSMUSG00000021577,chol1,-0.02100202426361057,0.07982472204476633,-0.2631017525101117,0.7930419334796988,0.7930419334796988,Sdha
ENSMUSG00000056116,chol1,0.010352308616250918,0.039409845904032605,0.2626833061326845,0.7933635045464124,0.7933635045464124,H2-T22
ENSMUSG00000037608,chol1,-0.0021183879078017103,0.008071954983044477,-0.26243802303797337,0.7935520182863879,0.7935520182863879,Bclaf1
ENSMUSG00000041798,chol1,-0.014717670633109713,0.056129678095583925,-0.26220835630033024,0.7937285410938387,0.7937285410938387,Gck
ENSMUSG00000031320,chol1,-0.008463735889995813,0.03229471698550436,-0.2620780325709249,0.7938287132275171,0.7938287132275171,Rps4x
ENSMUSG00000024978,chol1,-0.025168014008834075,0.09638839706939045,-0.26111041135703816,0.7945725743066057,0.7945725743066057,Gpam
ENSMUSG00000024735,chol1,-0.004613701190793956,0.017760901417349456,-0.25976728784087133,0.7956054181080355,0.7956054181080355,Prpf19
ENSMUSG00000035992,chol1,-0.00305530105647445,0.011764716732689487,-0.2597003502842511,0.795656901718727,0.795656901718727,Fnip1
ENSMUSG00000021957,chol1,-0.008702413876236631,0.03356658144320837,-0.2592582712350476,0.7959969401849278,0.7959969401849278,Tkt
ENSMUSG00000021156,chol1,-0.0014635596817661328,0.005647022628249655,-0.2591736881741124,0.7960620042908993,0.7960620042908993,Zmynd11
ENSMUSG00000062203,chol1,-0.003569455015885842,0.013797136786817979,-0.25870983748571375,0.7964188392763765,0.7964188392763765,Gspt1
ENSMUSG00000090145,chol1,-0.008132222815370982,0.03151603228988079,-0.2580344740280675,0.796938465894913,0.796938465894913,Ugt1a6b
ENSMUSG00000032423,chol1,0.00187383951403896,0.007272025870362168,0.25767778435387184,0.7972129408912585,0.7972129408912585,Syncrip
ENSMUSG00000024073,chol1,0.005407607649322807,0.021050060767445037,0.25689273342554625,0.7978171323195079,0.7978171323195079,Birc6
ENSMUSG00000030674,chol1,-0.005402533515296077,0.02109614831636166,-0.2560909903684173,0.7984342973646299,0.7984342973646299,Qprt
ENSMUSG00000034724,chol1,0.00153922443409305,0.0060109099908329765,0.25607178221608146,0.7984490849699815,0.7984490849699815,Cnot6l
ENSMUSG00000025903,chol1,-0.006452820149645664,0.025252826085802624,-0.25552863381391994,0.7988672640692176,0.7988672640692176,Lypla1
ENSMUSG00000057322,chol1,0.0040011916549711115,0.015678833261564946,0.2551970282622766,0.7991226015902037,0.7991226015902037,Rpl38
ENSMUSG00000020794,chol1,-0.0017080972696980365,0.006705895668117951,-0.2547157537536554,0.7994932235808518,0.7994932235808518,Ube2g1
ENSMUSG00000003053,chol1,0.3733473815878982,1.4739275191039387,0.2533010455051897,0.8005829336995394,0.8005829336995394,Cyp2c29
ENSMUSG00000004319,chol1,0.0020568254965946478,0.008132462072046312,0.2529154736134052,0.8008799974050116,0.8008799974050116,Clcn3
ENSMUSG00000029458,chol1,-0.008793884717713748,0.034806195266056786,-0.25265285821945604,0.8010823460787511,0.8010823460787511,Brap
ENSMUSG00000022390,chol1,0.002080090235145201,0.008246861084141974,0.25222811611863344,0.8014096442410623,0.8014096442410623,Zc3h7b
ENSMUSG00000031725,chol1,0.05269284877863989,0.20927611107182253,0.25178625744128036,0.8017501696906869,0.8017501696906869,Ces1f
ENSMUSG00000032399,chol1,0.012128417526971405,0.048301870473361,0.2510962289474971,0.8022820276790983,0.8022820276790983,Rpl4
ENSMUSG00000020865,chol1,0.03342895372865733,0.1336322779614195,0.2501562813911508,0.8030066671829482,0.8030066671829482,Abcc3
ENSMUSG00000024997,chol1,0.0032804592693364194,0.013159001951632806,0.24929392680342075,0.8036716388461262,0.8036716388461262,Prdx3
ENSMUSG00000058135,chol1,0.09511307488311668,0.38167796509212215,0.2491971860627587,0.8037462457732686,0.8037462457732686,Gstm1
ENSMUSG00000032050,chol1,0.008245814010556126,0.03338297327820791,0.2470065785284295,0.8054361378626491,0.8054361378626491,Rdx
ENSMUSG00000059456,chol1,-0.003221179040993276,0.013073451268414532,-0.24639087069346768,0.8059112776535367,0.8059112776535367,Ptk2b
ENSMUSG00000032959,chol1,0.032703568980807826,0.1327856478085371,0.24628843192423117,0.8059903363962324,0.8059903363962324,Pebp1
ENSMUSG00000066443,chol1,-0.01012071305568231,0.041280894624320025,-0.24516699911149314,0.8068559514915756,0.8068559514915756,Gm10163
ENSMUSG00000040564,chol1,0.08692980704488484,0.354829073176015,0.24499065498435868,0.8069920904502617,0.8069920904502617,Apoc1
ENSMUSG00000028655,chol1,-0.013673519428969964,0.0558165841986239,-0.24497234335072535,0.8070062275061352,0.8070062275061352,Mfsd2a
ENSMUSG00000020362,chol1,0.0013718293281442411,0.005601666230628339,0.24489665604199395,0.8070646607499565,0.8070646607499565,Cnot6
ENSMUSG00000026663,chol1,0.003439210614683877,0.014067002546769753,0.24448780777917986,0.8073803247823457,0.8073803247823457,Atf6
ENSMUSG00000031948,chol1,-0.0011914826374837463,0.004877847253995348,-0.24426403194725432,0.8075531113788582,0.8075531113788582,Kars
ENSMUSG00000031701,chol1,-0.002906491290758623,0.011905388410761645,-0.2441324205879211,0.8076547384205046,0.8076547384205046,Dnaja2
ENSMUSG00000022312,chol1,-0.0019896728545474775,0.008162901105507278,-0.24374579929739704,0.8079532968998793,0.8079532968998793,Eif3h
ENSMUSG00000005142,chol1,0.00447538052883994,0.01838478175014643,0.24342853723592855,0.8081983157027179,0.8081983157027179,Man2b1
ENSMUSG00000044393,chol1,0.010184668334180035,0.042007200768104935,0.24245053581177947,0.8089537380747054,0.8089537380747054,Dsg2
ENSMUSG00000028186,chol1,-0.10770405653472925,0.4460019244713553,-0.24148787398706978,0.8096974886073475,0.8096974886073475,Uox
ENSMUSG00000022684,chol1,-0.0020389004744233302,0.008446989552927931,-0.2413759910140528,0.8097839405007976,0.8097839405007976,Bfar
ENSMUSG00000030359,chol1,-0.4268883942363156,1.7695006148153387,-0.2412479490892207,0.8098828812980021,0.8098828812980021,Pzp
ENSMUSG00000035247,chol1,-0.008889497119880149,0.03691294473795518,-0.24082329879088887,0.8102110399607251,0.8102110399607251,Hectd1
ENSMUSG00000031703,chol1,0.001769369430261501,0.007356462135259312,0.24051906986389068,0.8104461609744554,0.8104461609744554,Itfg1
ENSMUSG00000020570,chol1,-0.0022594618610137667,0.009413150621324166,-0.24003247710657835,0.810822256600195,0.810822256600195,Sypl
ENSMUSG00000035325,chol1,0.004941563358331723,0.020603227723719725,0.2398441362972796,0.8109678402545379,0.8109678402545379,Sec31a
ENSMUSG00000032777,chol1,0.001946241465115676,0.008127094374162362,0.2394756816536008,0.8112526674789041,0.8112526674789041,Gtf3c1
ENSMUSG00000054422,chol1,-0.20674430317459028,0.8686363593814835,-0.2380101879707217,0.8123857918569084,0.8123857918569084,Fabp1
ENSMUSG00000054545,chol1,-0.010487225742847018,0.04406427216815045,-0.23799838796445974,0.8123949172826151,0.8123949172826151,Ugt1a6a
ENSMUSG00000039367,chol1,0.004105917806803772,0.01729009972051976,0.23747218773590412,0.8128018756558212,0.8128018756558212,Sec24c
ENSMUSG00000025234,chol1,0.0017448865172505906,0.007349694305103294,0.23740940028471944,0.8128504383198243,0.8128504383198243,Arih1
ENSMUSG00000027763,chol1,0.003125412042259007,0.013208658731415548,0.23661842627711394,0.8134622760675452,0.8134622760675452,Mbnl1
ENSMUSG00000044080,chol1,-0.002356549926382582,0.00997609411192138,-0.23621969680162874,0.8137707469426787,0.8137707469426787,S100a1
ENSMUSG00000022875,chol1,-0.08832673874858996,0.37450735044974165,-0.23584781084408457,0.8140584771947775,0.8140584771947775,Kng1
ENSMUSG00000001542,chol1,-0.003656752266641395,0.015571885436623831,-0.2348304116109797,0.8148457748268783,0.8148457748268783,Ell2
ENSMUSG00000005506,chol1,-0.002988011942380354,0.012724523102992007,-0.23482309853150893,0.8148514346215903,0.8148514346215903,Celf1
ENSMUSG00000025907,chol1,0.001509010125623157,0.006428500708569431,0.2347374907513956,0.8149176895831626,0.8149176895831626,Rb1cc1
ENSMUSG00000034926,chol1,0.051617526067452596,0.22011392423695875,0.23450368370101338,0.8150986481773782,0.8150986481773782,Dhcr24
ENSMUSG00000020098,chol1,-0.007138640187358417,0.030579351935781526,-0.23344641843129932,0.8159170600061646,0.8159170600061646,Pcbd1
ENSMUSG00000021807,chol1,0.0012528610051575093,0.00537736297270212,0.23298799272386622,0.8162719833453413,0.8162719833453413,Rtraf
ENSMUSG00000022149,chol1,0.046026229152495615,0.19904952664287387,0.23123003570399794,0.8176333869266802,0.8176333869266802,C9
ENSMUSG00000021928,chol1,-0.0052162841287745265,0.02269245875512065,-0.2298686178110801,0.8186880855172111,0.8186880855172111,Ebpl
ENSMUSG00000041261,chol1,0.00508614175872431,0.022140105531386536,0.2297252717027039,0.8187991560384025,0.8187991560384025,Car8
ENSMUSG00000002944,chol1,0.01570558265384324,0.06846886744550015,0.2293828310559477,0.8190645082300414,0.8190645082300414,Cd36
ENSMUSG00000024587,chol1,-0.003448130117701746,0.0150604026162284,-0.22895338229445467,0.8193973114741107,0.8193973114741107,Nars
ENSMUSG00000025873,chol1,-0.0012857075451390993,0.005639656767009253,-0.22797620462653057,0.8201547027597685,0.8201547027597685,Faf2
ENSMUSG00000063450,chol1,-0.0037566516992276707,0.016482774824536254,-0.22791379116794824,0.8202030840076919,0.8202030840076919,Syne2
ENSMUSG00000003809,chol1,-0.023319571942724753,0.1023480259206293,-0.22784584004394023,0.8202557586964352,0.8202557586964352,Gcdh
ENSMUSG00000034160,chol1,-0.004161439930773793,0.018365463193998212,-0.22659052411668776,0.8212290086284288,0.8212290086284288,Ogt
ENSMUSG00000021238,chol1,-0.022406494175183513,0.09909443927838642,-0.226112527991978,0.8215996739460342,0.8215996739460342,Aldh6a1
ENSMUSG00000021134,chol1,0.011360022128275157,0.05051157524280475,0.22489938343178803,0.8225405965573891,0.8225405965573891,Srsf5
ENSMUSG00000020988,chol1,-0.002900724679484412,0.012913764054407308,-0.22462271009934012,0.822755222509914,0.822755222509914,L2hgdh
ENSMUSG00000017009,chol1,0.023196929163688845,0.10328960623135836,0.22458144638222408,0.8227872334884436,0.8227872334884436,Sdc4
ENSMUSG00000055065,chol1,-0.005304381484574771,0.023623093012893802,-0.22454220883266932,0.8228176729134788,0.8228176729134788,Ddx17
ENSMUSG00000029190,chol1,0.003420710644819652,0.015236689607857103,0.22450484539999388,0.8228466587013205,0.8228466587013205,D5Ertd579e
ENSMUSG00000030298,chol1,-0.001850125881471655,0.008242114875406454,-0.22447222702418562,0.8228719635717447,0.8228719635717447,Sec13
ENSMUSG00000024913,chol1,-0.004800805830843536,0.021418276080957078,-0.22414529594713356,0.8231256023684195,0.8231256023684195,Lrp5
ENSMUSG00000001663,chol1,-0.01560386082434283,0.06987439501322322,-0.22331300072637358,0.823771396097805,0.823771396097805,Gstt1
ENSMUSG00000048546,chol1,-0.003968413394064106,0.017828618366700598,-0.22258670371654316,0.8243350428714847,0.8243350428714847,Tob2
ENSMUSG00000030662,chol1,0.0017165579769418328,0.007746931020319749,0.22157909660475889,0.8251171542476043,0.8251171542476043,Ipo5
ENSMUSG00000006024,chol1,0.0014356780120715238,0.0064833273715435465,0.22144154225081472,0.825223938556958,0.825223938556958,Napa
ENSMUSG00000025509,chol1,-0.0029880263214540803,0.013541903247354284,-0.2206503965414063,0.8258381736689635,0.8258381736689635,Pnpla2
ENSMUSG00000032591,chol1,-0.0064694474388889475,0.029349814158605745,-0.22042549925284696,0.8260128007489774,0.8260128007489774,Mst1
ENSMUSG00000015755,chol1,0.00394713133174331,0.017920886437434107,0.2202531300850348,0.8261466469855657,0.8261466469855657,Tab2
ENSMUSG00000020390,chol1,0.0018826996926150047,0.008555956171302033,0.22004550454920085,0.8263078769287535,0.8263078769287535,Ube2b
ENSMUSG00000026229,chol1,0.003614775230108248,0.016464489878494044,0.2195497860416481,0.8266928532315998,0.8266928532315998,Psmd1
ENSMUSG00000026924,chol1,-0.005017110710257365,0.02285675267065357,-0.21950234062334564,0.8267297016893652,0.8267297016893652,Sec16a
ENSMUSG00000018166,chol1,0.008286145547222798,0.03799648376583603,0.21807664094100102,0.827837151012103,0.827837151012103,Erbb3
ENSMUSG00000022710,chol1,0.0018446099138116681,0.008472037897262396,0.21772918584414316,0.8281070985945629,0.8281070985945629,Usp7
ENSMUSG00000082209,chol1,0.013677326095005174,0.06283476863809517,0.21767130509832017,0.8281520697699674,0.8281520697699674,NA
ENSMUSG00000021228,chol1,0.012759659508700704,0.05868411113359173,0.21742954374232432,0.8283399154899272,0.8283399154899272,Acot3
ENSMUSG00000021033,chol1,-0.027658429624335946,0.1280353114799573,-0.21602188727963229,0.8294338457041207,0.8294338457041207,Gstz1
ENSMUSG00000028284,chol1,-0.0013702062579106413,0.006361549394597989,-0.21538876347862265,0.8299259740535978,0.8299259740535978,Map3k7
ENSMUSG00000041133,chol1,0.0012472378832625805,0.005796590499255987,0.21516749948485542,0.8300979789767063,0.8300979789767063,Smc1a
ENSMUSG00000033860,chol1,0.31679362059910005,1.4969448048094176,0.21162678782898237,0.8328515566019282,0.8328515566019282,Fgg
ENSMUSG00000038828,chol1,0.002974700364212418,0.014065793349799996,0.21148471971932642,0.8329620853392976,0.8329620853392976,Tmem214
ENSMUSG00000020361,chol1,-0.004476802980859446,0.021178724631397874,-0.21138208550209384,0.8330419366653464,0.8330419366653464,Hspa4
ENSMUSG00000000154,chol1,0.00398788683582886,0.018869550698054686,0.21133978755731486,0.8330748457607097,0.8330748457607097,Slc22a18
ENSMUSG00000015083,chol1,-0.013791676410569897,0.06563373560547166,-0.21013090727415693,0.8340155169942736,0.8340155169942736,C8g
ENSMUSG00000024019,chol1,-0.001617521547084997,0.007698865362064052,-0.21009869260154748,0.8340405876444092,0.8340405876444092,Cmtr1
ENSMUSG00000027067,chol1,-0.0011026859162569685,0.00525412442685288,-0.2098705372528561,0.8342181514822257,0.8342181514822257,Ssrp1
ENSMUSG00000028393,chol1,-0.014794732006784819,0.07073779731022956,-0.20914889308611986,0.8347798336817048,0.8347798336817048,Alad
ENSMUSG00000063358,chol1,-0.0020694519592564177,0.0099066727951160009,-0.2088947522599777,0.834977661238664,0.834977661238664,Mapk1
ENSMUSG00000029304,chol1,-0.006832993085990306,0.03277575583966825,-0.2084770560110283,0.8353028261686247,0.8353028261686247,Spp1
ENSMUSG00000044600,chol1,0.0011394955700398629,0.0054679998894006,0.2083934881287596,0.8353678848795254,0.8353678848795254,Smim7
ENSMUSG00000023022,chol1,-0.003993418431045034,0.019178582221981568,-0.20822281776741403,0.8355007575868764,0.8355007575868764,Lima1
ENSMUSG00000070544,chol1,-0.002365054761023239,0.011431707623385873,-0.2068855186765834,0.8365420554267634,0.8365420554267634,Top1
ENSMUSG00000021884,chol1,-0.02674661997055321,0.12947550062631352,-0.20657668702705484,0.8367825709092824,0.8367825709092824,Hacl1
ENSMUSG00000006395,chol1,-0.0033315621098492384,0.01613546965960377,-0.20647444295904366,0.836862201142798,0.836862201142798,Hyi
ENSMUSG00000063077,chol1,-0.009226256317751662,0.04479130614651664,-0.20598319431837278,0.8372448215162118,0.8372448215162118,Kif1b
ENSMUSG00000018171,chol1,0.0035927778303958082,0.017443227614321623,0.20596978436754368,0.8372552667155496,0.8372552667155496,Vmp1
ENSMUSG00000038690,chol1,-0.003036309787241356,0.014808940642902144,-0.2050322072630256,0.8379856308512903,0.8379856308512903,Atp5j2
ENSMUSG00000033096,chol1,0.0018986926666724096,0.009330792828859848,0.20348674560641974,0.8391898408691421,0.8391898408691421,Apmap
ENSMUSG00000024304,chol1,-0.0032352200773197925,0.015924320650507418,-0.20316220379653713,0.8394427696685345,0.8394427696685345,Cdh2
ENSMUSG00000031996,chol1,-0.015466479537803092,0.07618086156044918,-0.20302316383663513,0.8395511343918692,0.8395511343918692,Aplp2
ENSMUSG00000052595,chol1,-0.009321741676066161,0.04593506116052775,-0.20293304157122544,0.8396213753777092,0.8396213753777092,A1cf
ENSMUSG00000060807,chol1,-0.06913832501011734,0.34190451005741324,-0.20221530566680007,0.8401808225618357,0.8401808225618357,Serpina6
ENSMUSG00000028960,chol1,-0.00196442169431984,0.009743457678645113,-0.2016144328953461,0.8406492425736429,0.8406492425736429,Ube4b
ENSMUSG00000018474,chol1,0.007253159822973771,0.036147496112089714,0.20065455710908603,0.8413976480064151,0.8413976480064151,Chd3
ENSMUSG00000062901,chol1,-0.003785104700321164,0.0190099783422249,-0.19911146831312804,0.8426010836404206,0.8426010836404206,Klhl24
ENSMUSG00000040505,chol1,0.006962743604756266,0.03507501643403013,0.19851005965605031,0.8430702160402781,0.8430702160402781,Abcg5
ENSMUSG00000042632,chol1,-0.004226354129893822,0.0213253462863067,-0.19818454871270358,0.8433241563963557,0.8433241563963557,Pla2g6
ENSMUSG00000022214,chol1,0.010532855666818778,0.05319680793470089,0.19799788889115044,0.8434697825055159,0.8434697825055159,Dcaf11
ENSMUSG00000021236,chol1,0.01508707954124734,0.07635815720913634,0.19758307550463192,0.8437934262928222,0.8437934262928222,Entpd5
ENSMUSG00000026342,chol1,-0.001338993507891273,0.0067894957333511086,-0.19721545759487247,0.8440802698403111,0.8440802698403111,Slc35f5
ENSMUSG00000033629,chol1,-0.005367894455876891,0.027263166708224297,-0.19689181793608715,0.844332815589372,0.844332815589372,Hacd3
ENSMUSG00000035086,chol1,0.0011864535349273648,0.006030072432175171,0.1967561000754657,0.8444387251527538,0.8444387251527538,Becn1
ENSMUSG00000001155,chol1,-0.022057213301073724,0.11223438021202785,-0.19652813388735507,0.844616628575235,0.844616628575235,Ftcd
ENSMUSG00000021620,chol1,0.004819039443435188,0.024547222018231146,0.19631710015317017,0.8447813251905549,0.8447813251905549,Acot12
ENSMUSG00000026701,chol1,-0.018460405024926557,0.09410485167716448,-0.19616847267616666,0.8448973223581773,0.8448973223581773,Prdx6
ENSMUSG00000023829,chol1,-0.01687978396948535,0.08611312792356797,-0.19601870674663516,0.8450142114932391,0.8450142114932391,Slc22a1
ENSMUSG00000036112,chol1,0.0012054174666999739,0.006200230400026359,0.19441494733725528,0.8462661285182411,0.8462661285182411,Metap2
ENSMUSG00000030203,chol1,-0.0023958153451408204,0.012340797882795657,-0.19413779950815285,0.8464825140401553,0.8464825140401553,Dusp16
ENSMUSG00000026848,chol1,-0.0018949321514366143,0.009782908382179817,-0.1936982416076136,0.8468257267165176,0.8468257267165176,Tor1b
ENSMUSG00000081604,chol1,0.005544487562531743,0.028683766268212126,0.19329705557795754,0.8471390038915227,0.8471390038915227,LOC108167922
ENSMUSG00000029273,chol1,0.009050925082442788,0.046891108652752554,0.19302007016870756,0.8473553099107161,0.8473553099107161,Sult1d1
ENSMUSG00000079484,chol1,-0.0018683967763322095,0.009712475607053232,-0.1923708076008318,0.8478623838238044,0.8478623838238044,Phyhd1
ENSMUSG00000073830,chol1,-0.30546080204234544,1.5913269866729054,-0.191953510875218,0.8481883262566454,0.8481883262566454,Mup14
ENSMUSG00000004798,chol1,0.004818784580811252,0.025164896007208493,0.19148835661513997,0.848551680369837,0.848551680369837,Ulk2
ENSMUSG00000047866,chol1,0.0165193512196381,0.08658528566749893,0.19078704992757084,0.849099566154982,0.849099566154982,Lonp2
ENSMUSG00000024583,chol1,0.0018159077328419515,0.009519022566698624,0.19076619685667395,0.8491158584523968,0.8491158584523968,Txnl1
ENSMUSG00000002147,chol1,-0.0018035185679475898,0.009470627988046714,-0.1904328382683691,0.8493763170943608,0.8493763170943608,Stat6
ENSMUSG00000021185,chol1,-0.0025485317846410745,0.013441100350308816,-0.18960737723995347,0.8500213354322694,0.8500213354322694,Dglucy
ENSMUSG00000025871,chol1,-0.0023051180461680226,0.012165546690986349,-0.18947919930930207,0.8501215033057196,0.8501215033057196,4833439L19Rik
ENSMUSG00000032812,chol1,-0.002118635408684263,0.011266315765643098,-0.18805041974281358,0.8512382251015016,0.8512382251015016,Arap1
ENSMUSG00000062908,chol1,0.014456890288528536,0.0769162746708439,0.18795619458164692,0.8513118813543099,0.8513118813543099,Acadm
ENSMUSG00000028405,chol1,0.009473679148621118,0.050566466724496675,0.18735102059309278,0.8517849800972406,0.8517849800972406,Aco1
ENSMUSG00000026553,chol1,0.00608990309193135,0.032636472448039015,0.18659807985152715,0.8523736721009818,0.8523736721009818,Copa
ENSMUSG00000029407,chol1,-0.004198689050378429,0.022530618843014296,-0.1863548036400362,0.8525638971900192,0.8525638971900192,Uso1
ENSMUSG00000045658,chol1,0.004780447731636545,0.025672871713053273,0.1862061940350033,0.8526801038594034,0.8526801038594034,Pid1
ENSMUSG00000028127,chol1,-0.030274713580905898,0.1633148002773038,-0.18537642350540373,0.8533290103136515,0.8533290103136515,Abcd3
ENSMUSG00000021395,chol1,0.0023819820304629806,0.012870178971705896,0.18507761513647836,0.8535627125021168,0.8535627125021168,Spin1
ENSMUSG00000056692,chol1,-0.006966426455773602,0.03766705961401441,-0.18494744551766587,0.8536645240584126,0.8536645240584126,Ilrun
ENSMUSG00000041828,chol1,-0.009683158746695826,0.05244141522758094,-0.18464716683700563,0.8538993950599151,0.8538993950599151,Abca8a
ENSMUSG00000022546,chol1,-0.013250697815586222,0.07232405084290361,-0.18321288231446417,0.8550214401904579,0.8550214401904579,Gpt
ENSMUSG00000036570,chol1,0.0024688882048544314,0.013475919535389515,0.1832074017933107,0.8550257281915089,0.8550257281915089,Fxyd1
ENSMUSG00000038733,chol1,0.002299269465563417,0.012577750317049174,0.1828045085651566,0.8553409667931507,0.8553409667931507,Wdr26
ENSMUSG00000024391,chol1,-0.009763192369619672,0.053415741249086435,-0.18277743865974436,0.8553621481323802,0.8553621481323802,Apom
ENSMUSG00000020612,chol1,0.002330959006724596,0.012757944304756649,0.18270647300564916,0.8554176770000771,0.8554176770000771,Prkar1a
ENSMUSG00000059263,chol1,0.002298461137754959,0.012584520465694712,0.18264193252500505,0.8554681789601147,0.8554681789601147,Usp47
ENSMUSG00000009376,chol1,0.003967563564977037,0.021771884122642738,0.18223335851998104,0.8557878959483337,0.8557878959483337,Met
ENSMUSG00000020149,chol1,-0.003537765044213485,0.019555913294200512,-0.18090513038133801,0.8568274258095627,0.8568274258095627,Rab1a
ENSMUSG00000060961,chol1,0.006533682205250669,0.036163574318946144,0.18067025531344294,0.8570112756950163,0.8570112756950163,Slc4a4
ENSMUSG00000044147,chol1,-0.0014751836560732126,0.00817668920839407,-0.18041332114700048,0.8572124014997282,0.8572124014997282,Arf6
ENSMUSG00000028248,chol1,-0.0015358044101566185,0.008520353538473984,-0.1802512540379498,0.8573392710514716,0.8573392710514716,Pnisr
ENSMUSG00000037366,chol1,-0.0045162691039340105,0.025161796027320067,-0.17948913897204935,0.8579359209468376,0.8579359209468376,Pafah2
ENSMUSG00000032808,chol1,0.013893846488320294,0.07743091624221082,0.1794353878605685,0.8579780051041586,0.8579780051041586,Cyp2c38
ENSMUSG00000039262,chol1,-0.0018494908774679103,0.010311458676102777,-0.17936268141714812,0.8580349308938983,0.8580349308938983,Prrc2b
ENSMUSG00000021178,chol1,-0.0020580638620297997,0.011498851617645144,-0.1789799477777131,0.858334606027537,0.858334606027537,Psmc1
ENSMUSG00000022205,chol1,-0.0015413035448291334,0.008616768952508812,-0.17887256271161545,0.8584186907729481,0.8584186907729481,Sub1
ENSMUSG00000059811,chol1,-0.0046725544811909514,0.026142289545685773,-0.17873547276818594,0.8585260374274474,0.8585260374274474,Atl2
ENSMUSG00000051674,chol1,0.0016093740797823507,0.009014836591896025,0.17852504184369944,0.8586908180364031,0.8586908180364031,Dcun1d4
ENSMUSG00000033813,chol1,0.0012525293393375314,0.00702942360472292,0.17818378999040316,0.8589580529261401,0.8589580529261401,Tcea1
ENSMUSG00000054630,chol1,-0.039894140742718076,0.22502295881638332,-0.17728920174439325,0.8596586843021252,0.8596586843021252,Ugt2b5
ENSMUSG00000021096,chol1,-0.0027633153236152515,0.0156141761007934,-0.17697477636843353,0.8599049653841908,0.8599049653841908,Ppm1a
ENSMUSG00000033306,chol1,-0.002194558080264478,0.012407666085944026,-0.1768711428131173,0.8599861418422021,0.8599861418422021,Lpp
ENSMUSG00000026131,chol1,0.005993038289665141,0.03399103570386773,0.17631231780863954,0.8604238969387277,0.8604238969387277,Dst
ENSMUSG00000021591,chol1,0.002863121421375757,0.016246167758909132,0.1762336486895913,0.8604855258287127,0.8604855258287127,Glrx
ENSMUSG00000040848,chol1,0.0028250760282759737,0.01605720390328467,0.17593822967509773,0.8607169629185247,0.8607169629185247,Sft2d2
ENSMUSG00000006333,chol1,0.0052543417053409385,0.02992477732194697,0.1755849892820215,0.8609937143689902,0.8609937143689902,Rps9
ENSMUSG00000066440,chol1,-0.0015851589877820906,0.00903320487037611,-0.17548135025482828,0.861074915201135,0.861074915201135,Zfyve26
ENSMUSG00000008682,chol1,-0.008165740263989502,0.04653447268554197,-0.1754772277999092,0.8610781451616715,0.8610781451616715,Rpl10
ENSMUSG00000024413,chol1,0.012793660550537676,0.07295789346014248,0.1753567701009208,0.8611725253106084,0.8611725253106084,Npc1
ENSMUSG00000005610,chol1,0.012502935914104441,0.07138095024683576,0.17515787995073215,0.8613283626961666,0.8613283626961666,Eif4g2
ENSMUSG00000038615,chol1,0.004474115084251065,0.025563356384320227,0.17502064349403465,0.8614358954556793,0.8614358954556793,Nfe2l1
ENSMUSG00000027601,chol1,-0.001668213507719057,0.009632824881623162,-0.17318009288236513,0.8628783254588244,0.8628783254588244,Mtfr1
ENSMUSG00000020994,chol1,-0.0010605221670211154,0.0061300737201094415,-0.17300316691822454,0.8630170059720437,0.8630170059720437,Pnn
ENSMUSG00000044254,chol1,0.004825942776452715,0.028187274056848836,0.17120998528341644,0.8644228032157982,0.8644228032157982,Pcsk9
ENSMUSG00000003555,chol1,0.015860438992259255,0.0927275864089973,0.17104337130379926,0.8645534454741423,0.8645534454741423,Cyp17a1
ENSMUSG00000046949,chol1,-0.005361481475103556,0.0313610718280809,-0.17095976516666284,0.8646190025825748,0.8646190025825748,Nqo2
ENSMUSG00000017428,chol1,-0.002325022860144166,0.013607940842500868,-0.17085780185658664,0.8646989551687758,0.8646989551687758,Psmd11
ENSMUSG00000038056,chol1,-0.001643528383602677,0.009629551627989898,-0.17067548387460613,0.864841919846309,0.864841919846309,Kmt2c
ENSMUSG00000050299,chol1,-0.011657094695241123,0.06833774674308071,-0.1705806124844381,0.8649163150415978,0.8649163150415978,NA
ENSMUSG00000032047,chol1,-0.021104570780344514,0.12373564433951956,-0.17056177217969187,0.8649310891677394,0.8649310891677394,Acat1
ENSMUSG00000029148,chol1,-9.045377170852723e-4,0.005316373025466341,-0.17014188296276073,0.8652603689027986,0.8652603689027986,Nrbp1
ENSMUSG00000056608,chol1,0.0019638916919950743,0.011586970807182134,0.16949138171451716,0.865770542934424,0.865770542934424,Chd9
ENSMUSG00000008575,chol1,0.002792125175433307,0.016475947942874956,0.16946673934113546,0.8657898705323016,0.8657898705323016,Nfib
ENSMUSG00000025139,chol1,-0.0015611682782135379,0.009267799184783453,-0.16845080985103536,0.8665867589660824,0.8665867589660824,Tollip
ENSMUSG00000027495,chol1,-0.003351474716077864,0.019918789831057836,-0.16825694454851706,0.8667388413182174,0.8667388413182174,Fam210b
ENSMUSG00000061288,chol1,-0.002099776736897392,0.012479681523051577,-0.16825563481077896,0.8667398687908938,0.8667398687908938,Taok3
ENSMUSG00000029571,chol1,0.008195232605195437,0.048984887786822875,0.16730124280084574,0.8674886379426581,0.8674886379426581,Tmem106b
ENSMUSG00000042248,chol1,-0.06652251883486314,0.3983838808244925,-0.16698094987475046,0.8677399511636374,0.8677399511636374,Cyp2c37
ENSMUSG00000019494,chol1,-0.0015323456402131857,0.0091874133515543,-0.16678749301662235,0.8678917508740817,0.8678917508740817,Cops6
ENSMUSG00000038366,chol1,-0.0046332176406264644,0.027889321065002186,-0.1661287354334562,0.8684086949853572,0.8684086949853572,Lasp1
ENSMUSG00000063229,chol1,-0.04637283883383114,0.2802560057232226,-0.1654659949718558,0.8689288222389717,0.8689288222389717,Ldha
ENSMUSG00000040054,chol1,-0.0011077434325518064,0.00670831250847594,-0.1651299684014683,0.869192562250699,0.869192562250699,Baz2a
ENSMUSG00000023942,chol1,0.009244319964525812,0.05608828851155363,0.1648172944806753,0.8694379865508779,0.8694379865508779,Slc29a1
ENSMUSG00000032187,chol1,0.001439426171636201,0.008743833961490876,0.16462185558138964,0.8695913971215367,0.8695913971215367,Smarca4
ENSMUSG00000074794,chol1,0.018397948700286583,0.11295106545794101,0.16288424217775377,0.8709555625138171,0.8709555625138171,Arrdc3
ENSMUSG00000025410,chol1,0.0014431966316804648,0.008895609028501443,0.16223696736856094,0.8714638249117309,0.8714638249117309,Dctn2
ENSMUSG00000031446,chol1,0.0034348321867385206,0.021210187885939043,0.16194256294238618,0.8716950192260924,0.8716950192260924,Cul4a
ENSMUSG00000058355,chol1,-0.0027121892354982254,0.016784792897911616,-0.16158610070402948,0.8719749621303814,0.8719749621303814,Abce1
ENSMUSG00000021361,chol1,-0.002213831807888684,0.013795187435723886,-0.1604785595124113,0.8728448587376808,0.8728448587376808,Tmem14c
ENSMUSG00000006169,chol1,-0.0015066022334920522,0.009403834450000413,-0.16021147984926362,0.8730546546617657,0.8730546546617657,Clint1
ENSMUSG00000022141,chol1,0.0010625703240027071,0.006641903092570053,0.15997979934265355,0.8732366512520938,0.8732366512520938,Nipbl
ENSMUSG00000026781,chol1,-0.009075035646326255,0.0577804602182679,-0.15706063281678548,0.8755303828271839,0.8755303828271839,Acbd5
ENSMUSG00000029767,chol1,-0.002652555170008883,0.016892143826696158,-0.15702892405029217,0.8755553038213044,0.8755553038213044,Calu
ENSMUSG00000025544,chol1,-0.002942894369774656,0.018763480906659576,-0.15684160014947746,0.8757025305799281,0.8757025305799281,Tm9sf2
ENSMUSG00000024308,chol1,-0.00237950185550324,0.015195950671353244,-0.15658789021926578,0.8759019402414264,0.8759019402414264,Tapbp
ENSMUSG00000051483,chol1,0.0030517503723920497,0.019492494453258905,0.15656027912229747,0.8759236423564057,0.8759236423564057,Cbr1
ENSMUSG00000070704,chol1,0.023036805865284168,0.14737086490138887,0.15631859038554818,0.8761136119334239,0.8761136119334239,Ugt2b36
ENSMUSG00000020458,chol1,0.0029359303346793452,0.018807860026636154,0.15610124333770076,0.876284454911002,0.876284454911002,Rtn4
ENSMUSG00000032199,chol1,0.0011718394882082963,0.007512650246048327,0.1559821700504009,0.8763780534894792,0.8763780534894792,Polr2m
ENSMUSG00000027709,chol1,0.0019783696110761985,0.012739850389735812,0.15528986216903481,0.876922282785086,0.876922282785086,Mccc1
ENSMUSG00000021336,chol1,-0.0032007362602354075,0.02063187773549604,-0.15513548021509999,0.877043651862541,0.877043651862541,Slc17a4
ENSMUSG00000039218,chol1,0.007753164472494671,0.05010818368980517,0.15472850743285077,0.8773636120754881,0.8773636120754881,Srrm2
ENSMUSG00000028672,chol1,0.006082574284705702,0.03933319913247712,0.154642246724431,0.8774314324816329,0.8774314324816329,Hmgcl
ENSMUSG00000055553,chol1,0.001241282449780876,0.008036784541225177,0.15445013405717695,0.8775824797268788,0.8775824797268788,Kxd1
ENSMUSG00000028822,chol1,-0.0013527853212905007,0.008762718145336905,-0.15437964554530237,0.8776379019636635,0.8776379019636635,Tmem50a
ENSMUSG00000032485,chol1,-0.00487852076355463,0.03162533666246874,-0.1542598839538742,0.8777320670065407,0.8777320670065407,Scap
ENSMUSG00000021213,chol1,-0.006779715259899597,0.044018733819534986,-0.15401886132605752,0.8779215813884739,0.8779215813884739,Akr1c13
ENSMUSG00000028124,chol1,-0.006974179144315948,0.04544318168524119,-0.1534703092011048,0.8783529305109352,0.8783529305109352,Gclm
ENSMUSG00000021559,chol1,-0.004035078137780816,0.02629326324871275,-0.1534643341761074,0.8783576291213328,0.8783576291213328,Dapk1
ENSMUSG00000035227,chol1,-0.0018210836827649215,0.011903336423825467,-0.15298934835781663,0.8787311600158649,0.8787311600158649,Spcs2
ENSMUSG00000003949,chol1,0.002494879973480489,0.01632069273229841,0.15286605871472345,0.8788281200088072,0.8788281200088072,Hlf
ENSMUSG00000059005,chol1,-0.004969148448868207,0.03256645127508665,-0.15258489194582917,0.8790492479024243,0.8790492479024243,Hnrnpa3
ENSMUSG00000048000,chol1,9.007034552828049e-4,0.005913797578333234,0.1523054252960519,0.8792690482092154,0.8792690482092154,Gigyf2
ENSMUSG00000010601,chol1,0.005764182243996518,0.03804675133913737,0.1515026129988424,0.8799005119856025,0.8799005119856025,Apol7a
ENSMUSG00000073834,chol1,-0.3231486433731385,2.133816474204936,-0.1514416292495559,0.8799484828234512,0.8799484828234512,Mup11
ENSMUSG00000020923,chol1,-0.0010743919029455571,0.007096692945022056,-0.15139331957418062,0.8799864843403741,0.8799864843403741,Ubtf
ENSMUSG00000040170,chol1,-0.004186949569919328,0.027753272575223184,-0.15086327418040202,0.880403448826764,0.880403448826764,Fmo2
ENSMUSG00000041560,chol1,0.0014312337159142678,0.009524210857612923,0.1502732076506107,0.8808676690434596,0.8808676690434596,Nop53
ENSMUSG00000038170,chol1,0.0028344336625308816,0.01891094927512975,0.1498832037087908,0.8811745178156303,0.8811745178156303,Pde4dip
ENSMUSG00000027566,chol1,-0.0013121102797461679,0.008759967750787665,-0.14978482993024575,0.8812519195719364,0.8812519195719364,Psma7
ENSMUSG00000032525,chol1,0.0017085850819262749,0.011450248869652933,0.14921816122744794,0.881697804220358,0.881697804220358,Nktr
ENSMUSG00000014349,chol1,6.857102573595899e-4,0.004617730516447584,0.14849507889583521,0.8822668186095468,0.8822668186095468,Ube2z
ENSMUSG00000034290,chol1,-0.0010589179531776093,0.007136793130711217,-0.14837447769374854,0.8823617291961444,0.8823617291961444,Nek9
ENSMUSG00000031839,chol1,-8.419473743122637e-4,0.005686305418027298,-0.14806580238251668,0.8826046579279887,0.8826046579279887,Hsbp1
ENSMUSG00000031299,chol1,0.0035399057180496153,0.023994557440969226,0.1475295273421232,0.8830267352371565,0.8830267352371565,Pdha1
ENSMUSG00000020460,chol1,0.003390114860385222,0.023094199440286844,0.14679508026034066,0.883604839324051,0.883604839324051,Rps27a
ENSMUSG00000028514,chol1,0.0026924308383775484,0.018355588879966342,0.1466818011660809,0.8836940101186657,0.8836940101186657,Usp24
ENSMUSG00000021676,chol1,0.007881234017272106,0.05379386196927577,0.14650805368414438,0.8838307831974839,0.8838307831974839,Iqgap2
ENSMUSG00000021190,chol1,0.002151204441153417,0.014691218994774397,0.14642790648744608,0.8838938758233668,0.8838938758233668,Lgmn
ENSMUSG00000032754,chol1,0.0030685127990976416,0.021195697259012335,0.1447705523248555,0.8851987276733921,0.8851987276733921,Slc8b1
ENSMUSG00000031392,chol1,-0.001110029490016447,0.007697289430252562,-0.1442104392818739,0.8856397820873732,0.8856397820873732,Irak1
ENSMUSG00000026034,chol1,0.0015986875435892525,0.011110939086524505,0.14388410656738837,0.8858967655404623,0.8858967655404623,Clk1
ENSMUSG00000062480,chol1,-0.010473615777374016,0.07301960606636267,-0.1434356653178222,0.8862499280145774,0.8862499280145774,Acat3
ENSMUSG00000043991,chol1,-0.0012658946453018372,0.008859501929071492,-0.14288553187712974,0.8866832078294136,0.8866832078294136,Pura
ENSMUSG00000011179,chol1,-0.002099201746153379,0.014794908348066406,-0.1418867692024419,0.8874699115762827,0.8874699115762827,Odc1
ENSMUSG00000001247,chol1,-0.004270969855606561,0.03014840748725535,-0.1416648576682543,0.887644721811419,0.887644721811419,Lsr
ENSMUSG00000068086,chol1,-0.060452188632783496,0.427653364412924,-0.14135791662897668,0.887886522967784,0.887886522967784,Cyp2d9
ENSMUSG00000020422,chol1,-0.0017279846910221144,0.012231605665013006,-0.14127210591531747,0.8879541245894885,0.8879541245894885,Tns3
ENSMUSG00000032612,chol1,-0.0014751576531974126,0.010448533108562755,-0.14118323001613453,0.8880241418351125,0.8880241418351125,Usp4
ENSMUSG00000031357,chol1,-9.553506083123107e-4,0.006771333091642789,-0.14108752226225718,0.8880995422708848,0.8880995422708848,Syap1
ENSMUSG00000029810,chol1,0.009419082322349639,0.06716551471046749,0.14023688142572532,0.8887697388394239,0.8887697388394239,Tmem176b
ENSMUSG00000056201,chol1,0.002194121412765506,0.015663836449219804,0.14007560790605628,0.8888968109430776,0.8888968109430776,Cfl1
ENSMUSG00000030655,chol1,0.0020124545595440113,0.014375477652733908,0.1399921872621245,0.8889625416365771,0.8889625416365771,Smg1
ENSMUSG00000034109,chol1,-0.00322501110718868,0.023108637515812165,-0.13955868687550077,0.8893041276096422,0.8893041276096422,Golim4
ENSMUSG00000034075,chol1,-0.001491199490274735,0.010769909103224276,-0.13845980276920836,0.890170110427025,0.890170110427025,Zdhhc5
ENSMUSG00000049044,chol1,0.006523695809404022,0.047280158902969015,0.1379795660753238,0.8905486059638433,0.8905486059638433,Rapgef4
ENSMUSG00000043019,chol1,0.0013178806795188713,0.009558313118582953,0.1378779564101841,0.8906286922346841,0.8906286922346841,Edem3
ENSMUSG00000063683,chol1,-0.007316811720236445,0.05318952339702651,-0.13756114461904506,0.8908784028693666,0.8908784028693666,Glyat
ENSMUSG00000020029,chol1,0.0032024732437296167,0.0233542483160029,0.1371259395891241,0.8912214488196212,0.8912214488196212,Nudt4
ENSMUSG00000026491,chol1,0.0018469321342161667,0.013551545908300051,0.13628940540908752,0.8918808964363434,0.8918808964363434,Ahctf1
ENSMUSG00000096617,chol1,-0.030637478582068074,0.22540395356914697,-0.13592254304745122,0.8921701214120604,0.8921701214120604,NA
ENSMUSG00000008976,chol1,-0.0011639514469481058,0.008583048406070956,-0.1356104954650868,0.8924161432767538,0.8924161432767538,Gabpa
ENSMUSG00000035540,chol1,0.10374877795093912,0.7652590938802211,0.13557340093129028,0.8924453897292794,0.8924453897292794,Gc
ENSMUSG00000034850,chol1,-7.932710240139077e-4,0.005856329140308609,-0.13545533473415824,0.8925384776795047,0.8925384776795047,Tmem127
ENSMUSG00000046985,chol1,-0.002510594622054221,0.018593664280758298,-0.13502419878863342,0.8928784146769027,0.8928784146769027,Tapt1
ENSMUSG00000025089,chol1,0.006078628348300769,0.045026584762028844,0.13500087515913284,0.8928968051884966,0.8928968051884966,Gfra1
ENSMUSG00000081684,chol1,0.02516155306911432,0.1864565258262875,0.13494595030991902,0.8929401132622288,0.8929401132622288,Rps2-ps13
ENSMUSG00000053510,chol1,-0.0011029539525232426,0.008234290598809257,-0.13394644496548838,0.8937282766551691,0.8937282766551691,Nrd1
ENSMUSG00000054417,chol1,-0.04188574306231184,0.31328533318366186,-0.13369838490893074,0.8939239018140156,0.8939239018140156,Cyp3a44
ENSMUSG00000014956,chol1,-0.001378607468508107,0.010430191441818486,-0.13217470419390012,0.8951256504689891,0.8951256504689891,Ppp1cb
ENSMUSG00000029650,chol1,-0.002588173599331842,0.0198213128660323,-0.13057528614904135,0.8963873972699578,0.8963873972699578,Slc46a3
ENSMUSG00000026853,chol1,-0.002931365237082503,0.02249677552973721,-0.1303015729168697,0.8966033505749551,0.8966033505749551,Crat
ENSMUSG00000061947,chol1,-0.012366150110641311,0.09662126906455204,-0.12798579681642938,0.8984307533123645,0.8984307533123645,Serpina10
ENSMUSG00000034994,chol1,-0.025699370764846036,0.20084978452383215,-0.1279531906184178,0.8984564871286885,0.8984564871286885,Eef2
ENSMUSG00000015937,chol1,-7.252688111863943e-4,0.005668749821587671,-0.12794158042121273,0.8984656502803148,0.8984656502803148,Macroh2a1
ENSMUSG00000022884,chol1,0.0057826575886207356,0.04549158146920636,0.12711489470936652,0.8991181332625291,0.8991181332625291,Eif4a2
ENSMUSG00000034424,chol1,-0.0019790908895222117,0.015601703491464811,-0.12685094871883115,0.8993264740433825,0.8993264740433825,Gcsh
ENSMUSG00000005107,chol1,-0.002437034036214597,0.019260176854351996,-0.12653227717708776,0.8995780207942333,0.8995780207942333,Slc2a9
ENSMUSG00000040918,chol1,-0.0036634604489370537,0.029076965917297776,-0.12599184039204295,0.9000046436985237,0.9000046436985237,Slc19a2
ENSMUSG00000067212,chol1,0.00708444446836172,0.05643665481872395,0.1255291351182515,0.9003699283717648,0.9003699283717648,H2-T23
ENSMUSG00000028367,chol1,-0.0021781159538836153,0.017496684757741736,-0.12448735197791497,0.9011924469132233,0.9011924469132233,Txn1
ENSMUSG00000026405,chol1,0.013296037187556144,0.10702206659952392,0.12423640852787729,0.9013905903164989,0.9013905903164989,C4bp
ENSMUSG00000025194,chol1,0.017237751698366565,0.1387641023569578,0.12422342238069646,0.9014008442683272,0.9014008442683272,Abcc2
ENSMUSG00000028469,chol1,-0.0029584275148311005,0.02389380512166797,-0.12381567103969832,0.9017228160456401,0.9017228160456401,Npr2
ENSMUSG00000032458,chol1,-0.0022324973954072997,0.018125528327197774,-0.12316867983690086,0.9022337319428966,0.9022337319428966,Copb2
ENSMUSG00000066071,chol1,0.02871593670624417,0.23332816392118744,0.12307102676187738,0.9023108501840917,0.9023108501840917,Cyp4a12a
ENSMUSG00000056851,chol1,0.0022598480726014085,0.018417207109853426,0.12270308191258612,0.9026014306951626,0.9026014306951626,Pcbp2
ENSMUSG00000040746,chol1,-9.541278273822367e-4,0.007835976740044602,-0.12176246293666332,0.9033443346399224,0.9033443346399224,Rnf167
ENSMUSG00000068284,chol1,0.0018804234077543836,0.01551214889235511,0.12122262497629309,0.9037707392991727,0.9037707392991727,Usf3
ENSMUSG00000027546,chol1,0.00237167761600122,0.019592645555113964,0.12104938096949229,0.9039075864391313,0.9039075864391313,Atp9a
ENSMUSG00000025579,chol1,0.0018449893663736333,0.015308855896654839,0.12051778257164107,0.9043275193090188,0.9043275193090188,Gaa
ENSMUSG00000030055,chol1,-0.0062567966092938725,0.05258360559081162,-0.11898759202596741,0.9055364352041597,0.9055364352041597,Rab43
ENSMUSG00000021488,chol1,0.001639407358297281,0.013778515093487985,0.11898287639660818,0.9055401610980043,0.9055401610980043,Nsd1
ENSMUSG00000021484,chol1,0.005453975038961263,0.04608238332770747,0.11835271192846505,0.9060380830465751,0.9060380830465751,Lman2
ENSMUSG00000006736,chol1,-0.004769667903668796,0.040327065569573245,-0.11827460878451589,0.9060997985526775,0.9060997985526775,Tspan31
ENSMUSG00000032194,chol1,-0.0012966210898821252,0.011009208968004695,-0.11777604491389033,0.9064937670794873,0.9064937670794873,Kank2
ENSMUSG00000071415,chol1,-0.0027073240285514742,0.023084527423612427,-0.11727872868570136,0.9068867729974396,0.9068867729974396,Rpl23
ENSMUSG00000030002,chol1,-0.001235270145771101,0.010578855755711483,-0.11676784089850015,0.9072905280044667,0.9072905280044667,Dusp11
ENSMUSG00000029152,chol1,-0.0011243802360923134,0.009688786841160283,-0.11604964114967183,0.9078581629425286,0.9078581629425286,Ociad1
ENSMUSG00000048874,chol1,-9.316637535409558e-4,0.008038933534507055,-0.11589394905951106,0.907981221750843,0.907981221750843,Phf3
ENSMUSG00000024811,chol1,7.742223676393358e-4,0.006746296937539244,0.11476256897783965,0.9088755301713995,0.9088755301713995,Tnks2
ENSMUSG00000041220,chol1,-0.013163983778338361,0.11493335738374497,-0.11453579777005753,0.9090547974357841,0.9090547974357841,Elovl6
ENSMUSG00000039616,chol1,-0.0016536009247380017,0.01448925390391442,-0.11412602303085218,0.9093787446489848,0.9093787446489848,Mocos
ENSMUSG00000073421,chol1,0.002803430915869485,0.024820194176992837,0.1129495964406328,0.910308852964092,0.910308852964092,H2-Ab1
ENSMUSG00000035133,chol1,0.0012463619221463622,0.011066709088090211,0.11262263354222204,0.9105673791379909,0.9105673791379909,Arhgap5
ENSMUSG00000029110,chol1,0.0011839085680336902,0.010559653634633947,0.11211623117548691,0.9109678052150287,0.9109678052150287,Rnf4
ENSMUSG00000021737,chol1,7.465208238262136e-4,0.006718923419526938,0.11110720828527826,0.9117657353483415,0.9117657353483415,Psmd6
ENSMUSG00000036309,chol1,0.002431376990037966,0.021893051630867903,0.11105701621832695,0.9118054293444975,0.9118054293444975,Skp1
ENSMUSG00000022680,chol1,-0.0011920916816628045,0.01074800538604622,-0.11091282883152047,0.9119194600335295,0.9119194600335295,Pdxdc1
ENSMUSG00000055436,chol1,9.00175261105041e-4,0.008157700022571929,0.11034669804164203,0.9123672027362919,0.9123672027362919,Srsf11
ENSMUSG00000031176,chol1,8.993517362516319e-4,0.008155075948524082,0.11028122140473724,0.9124189888619016,0.9124189888619016,Dynlt3
ENSMUSG00000035936,chol1,-0.00230313425060916,0.02100427165916769,-0.10965075523596723,0.9129176501487299,0.9129176501487299,Aldh5a1
ENSMUSG00000010277,chol1,0.0037547928810669168,0.03456823574951105,0.10861974294190081,0.9137331945931851,0.9137331945931851,2610507B11Rik
ENSMUSG00000032560,chol1,-6.698451881764323e-4,0.006167720796823606,-0.10860497909072092,0.913744873668221,0.913744873668221,Dnajc13
ENSMUSG00000040963,chol1,0.004477750794293189,0.04131233141938207,0.1083877534975528,0.9139167140805944,0.9139167140805944,Asgr2
ENSMUSG00000037742,chol1,-0.05395690729372118,0.4981988569105924,-0.10830395643281128,0.9139830044260567,0.9139830044260567,Eef1a1
ENSMUSG00000022587,chol1,-0.008832809516019322,0.08167982829821427,-0.10813942316052137,0.9141131654962091,0.9141131654962091,Ly6e
ENSMUSG00000035878,chol1,-0.0028650445579080992,0.026760797887810092,-0.1070612531778496,0.91496615564211,0.91496615564211,Hykk
ENSMUSG00000005198,chol1,7.819966678434037e-4,0.007306464263945948,0.1070280561970581,0.9149924208931051,0.9149924208931051,Polr2a
ENSMUSG00000028470,chol1,-8.325927105845448e-4,0.007781185821837585,-0.10700074894084997,0.9150140263002133,0.9150140263002133,Hint2
ENSMUSG00000086583,chol1,0.003025079730672266,0.028318160629540616,0.10682472531484259,0.9151532971172344,0.9151532971172344,Gm15500
ENSMUSG00000027014,chol1,-0.026332429288537185,0.24801680379616914,-0.10617195643799324,0.9156697943469373,0.9156697943469373,Cwc22
ENSMUSG00000021242,chol1,-9.026273667352801e-4,0.008573656928128812,-0.10527915617592563,0.9163762726728802,0.9163762726728802,Npc2
ENSMUSG00000033671,chol1,9.238169983037916e-4,0.008829652890245454,0.10462664951692235,0.9168926476679886,0.9168926476679886,Cep350
ENSMUSG00000062410,chol1,0.00701240242463887,0.06744811835054262,0.1039673544070404,0.9174144310257417,0.9174144310257417,Hsd3b3
ENSMUSG00000027397,chol1,-0.0016945913587794173,0.01639798957874096,-0.10334140966746048,0.9179098534769474,0.9179098534769474,Slc20a1
ENSMUSG00000019132,chol1,0.002782326956027602,0.026938782092359826,0.1032833238892676,0.9179558288264996,0.9179558288264996,BC005537
ENSMUSG00000017119,chol1,-0.0029951973893801403,0.029038960726197223,-0.10314409725682956,0.9180660289336161,0.9180660289336161,Nbr1
ENSMUSG00000027180,chol1,-0.002226777537648196,0.021787369583338184,-0.10220497380973959,0.9188094018300378,0.9188094018300378,Fbxo3
ENSMUSG00000033382,chol1,-7.57958903401893e-4,0.00743719922455279,-0.10191456225881461,0.9190392947280954,0.9190392947280954,Trappc8
ENSMUSG00000035530,chol1,0.003960542831558181,0.0389001814002604,0.10181296562107212,0.9191197213403376,0.9191197213403376,Eif1
ENSMUSG00000025241,chol1,-0.001504048441118986,0.014790495484108343,-0.10169019981345533,0.9192169071544,0.9192169071544,Fyco1
ENSMUSG00000040850,chol1,0.0021648793277137383,0.021311713599337957,0.10158166388745904,0.919302829105134,0.919302829105134,Psme4
ENSMUSG00000038429,chol1,-6.750390473648553e-4,0.006660662880146657,-0.10134712708204083,0.9194885023217687,0.9194885023217687,Usp5
ENSMUSG00000026618,chol1,-0.0010328714665794104,0.010346570558237216,-0.0998274221168975,0.9206916983288775,0.9206916983288775,Iars2
ENSMUSG00000003234,chol1,-6.163425060917264e-4,0.006176297138362235,-0.09979158908393479,0.9207200706527165,0.9207200706527165,Abcf3
ENSMUSG00000039168,chol1,0.0031828813683367693,0.03251627484412706,0.0978857936093392,0.9222292118614299,0.9222292118614299,Dap
ENSMUSG00000027620,chol1,0.0010285778062871884,0.010513054224595305,0.09783815286340189,0.922266940780141,0.922266940780141,Rbm39
ENSMUSG00000047797,chol1,-0.008126130134922178,0.08344430390658394,-0.09738388067829526,0.9226267089288688,0.9226267089288688,Gjb1
ENSMUSG00000002748,chol1,-0.0012152991191741159,0.012530330293349828,-0.09698859413299797,0.9229397755412411,0.9229397755412411,Baz1b
ENSMUSG00000019312,chol1,-0.0015918758664037556,0.016422299735281913,-0.09693379685329612,0.9229831758990708,0.9229831758990708,Grb7
ENSMUSG00000005683,chol1,-0.0022220952118545546,0.023125076869845232,-0.09609028434202244,0.9236512811627114,0.9236512811627114,Cs
ENSMUSG00000020594,chol1,-8.134559716206938e-4,0.008532914809444275,-0.09533154728327493,0.9242522866706202,0.9242522866706202,Pum2
ENSMUSG00000036775,chol1,-0.0039796214084604,0.042337681063257734,-0.09399715120236163,0.9253093855370682,0.9253093855370682,Decr2
ENSMUSG00000079641,chol1,-0.0032557985982555686,0.034789315629498205,-0.09358616400878392,0.9256349936770305,0.9256349936770305,Rpl39
ENSMUSG00000022853,chol1,0.02141271936697634,0.22899202823524453,0.09350857989247974,0.9256964617822487,0.9256964617822487,Ehhadh
ENSMUSG00000009035,chol1,-8.726610757613594e-4,0.009400502297981983,-0.09283132412495602,0.9262330549941449,0.9262330549941449,Tmem184b
ENSMUSG00000034269,chol1,4.294041725144356e-4,0.004639103641940479,0.09256188385884416,0.9264465433889444,0.9264465433889444,Setd5
ENSMUSG00000037415,chol1,-0.0017190475370454485,0.018814148005537656,-0.09136993801364128,0.9273910345078029,0.9273910345078029,Ranbp10
ENSMUSG00000071866,chol1,0.004233149490705231,0.046429938604441785,0.09117284273773002,0.9275472217359271,0.9275472217359271,Ppia
ENSMUSG00000026870,chol1,-8.506156310002463e-4,0.009364731203702768,-0.09083182554817133,0.9278174659051879,0.9278174659051879,Cutal
ENSMUSG00000019762,chol1,-0.0012680835363911133,0.014005998775376085,-0.09053860111858128,0.9280498427519159,0.9280498427519159,Iyd
ENSMUSG00000024371,chol1,-0.002763051979920956,0.030580642481905597,-0.09035297350459,0.9281969536351142,0.9281969536351142,C2
ENSMUSG00000032434,chol1,0.0022758020423449903,0.0252360547201178,0.0901805796343735,0.9283335789381009,0.9283335789381009,Cmtm6
ENSMUSG00000028957,chol1,-0.0023385691099611495,0.02598370117504298,-0.09000138564583385,0.9284755957343882,0.9284755957343882,Per3
ENSMUSG00000024908,chol1,-6.499677977630713e-4,0.0072274363645936646,-0.08993061508603312,0.9285316842367874,0.9285316842367874,Ppp6r3
ENSMUSG00000075552,chol1,-0.03347080393659463,0.3731824286682596,-0.08969019269218725,0.9287222313032074,0.9287222313032074,Cyp3a41b
ENSMUSG00000033004,chol1,6.707376378712082e-4,0.007480823852256275,0.08966093188638688,0.9287454222747538,0.9287454222747538,Mycbp2
ENSMUSG00000026031,chol1,0.0015235641160313803,0.01705293911249379,0.08934319802474079,0.92899724967464,0.92899724967464,Cflar
ENSMUSG00000020572,chol1,0.001958218673853336,0.021928818916989327,0.08929886654024072,0.9290323862038551,0.9290323862038551,Nampt
ENSMUSG00000039783,chol1,0.004906460035646155,0.05532116274460366,0.08869047200431013,0.9295146055751025,0.9295146055751025,Kmo
ENSMUSG00000028138,chol1,-0.004164903005829235,0.04696097860013916,-0.08868859061248124,0.9295160968252649,0.9295160968252649,Adh5
ENSMUSG00000066153,chol1,0.01631104485065522,0.1850621959513818,0.08813817844753306,0.9299523815419828,0.9299523815419828,Mup21
ENSMUSG00000035000,chol1,-0.0024965933649615337,0.028454085428647306,-0.08774112143657188,0.9302671224390116,0.9302671224390116,Dpp4
ENSMUSG00000044791,chol1,-5.974931333465376e-4,0.006809897457965024,-0.08773893249269046,0.9302688576114256,0.9302688576114256,Setd2
ENSMUSG00000026489,chol1,0.013143918771148894,0.15063417163426493,0.08725721812353388,0.9306507200195555,0.9306507200195555,Coq8a
ENSMUSG00000046798,chol1,8.932232372719292e-4,0.010272036931083436,0.08695677821883736,0.9308888915824478,0.9308888915824478,Cldn12
ENSMUSG00000071551,chol1,-0.004410189683229817,0.05117073844166575,-0.08618577369676615,0.9315001285638091,0.9315001285638091,Akr1c19
ENSMUSG00000019987,chol1,-0.021911939883417518,0.25635558942648573,-0.08547478887602385,0.9320638195075294,0.9320638195075294,Arg1
ENSMUSG00000024378,chol1,0.00465608488819623,0.05476998778355374,0.0850116108587914,0.9324310601259724,0.9324310601259724,Stard4
ENSMUSG00000060376,chol1,-0.0026038132528564614,0.0312215358127381,-0.0833979874812606,0.9337105696177983,0.9337105696177983,Bckdha
ENSMUSG00000004071,chol1,0.0022091300660404497,0.02672179601378286,0.08267146657735881,0.9342867154480601,0.9342867154480601,Cdip1
ENSMUSG00000031443,chol1,-0.002401362869270998,0.029114050231548304,-0.08248123672840459,0.9344375773702454,0.9344375773702454,F7
ENSMUSG00000022437,chol1,9.041972688370165e-4,0.011079829791211923,0.08160750533859189,0.9351305213318839,0.9351305213318839,Samm50
ENSMUSG00000024610,chol1,0.004732242920243491,0.059105995671965145,0.08006366979260726,0.9363550371036367,0.9363550371036367,Cd74
ENSMUSG00000022445,chol1,-0.013864897452234723,0.17334730590039615,-0.07998334545909454,0.9364187517363082,0.9364187517363082,Cyp2d26
ENSMUSG00000039196,chol1,-0.03719924621795899,0.47119134067177615,-0.07894721954126774,0.9372406614362035,0.9372406614362035,Orm1
ENSMUSG00000038641,chol1,0.006059153141440118,0.077123193564533,0.07856460373843452,0.9375441896846015,0.9375441896846015,Akr1d1
ENSMUSG00000002769,chol1,-0.025704183234172288,0.33087676295727697,-0.07768506619937898,0.9382419597021252,0.9382419597021252,Gnmt
ENSMUSG00000021546,chol1,0.0016938294400771399,0.02185121995759103,0.07751647017258229,0.9383757187535862,0.9383757187535862,Hnrnpk
ENSMUSG00000001670,chol1,-0.04440221394683968,0.5758338349971815,-0.0771094215869705,0.9386986662154193,0.9386986662154193,Tat
ENSMUSG00000037266,chol1,-0.0034946632971991163,0.045580807582555595,-0.07666962220600436,0.9390476092755353,0.9390476092755353,Rsrp1
ENSMUSG00000000168,chol1,-7.237538423123628e-4,0.00945102230184524,-0.07657942381228489,0.9391191754305449,0.9391191754305449,Dlat
ENSMUSG00000060036,chol1,-0.003295935070302437,0.043944159334361896,-0.07500280174264702,0.9403701955937109,0.9403701955937109,Rpl3
ENSMUSG00000036438,chol1,-9.039413299351427e-4,0.012311090898597237,-0.07342495781898098,0.9416223349399699,0.9416223349399699,Calm2
ENSMUSG00000060904,chol1,-0.0010129082752860798,0.013808453870403388,-0.0733542136427827,0.9416784792897384,0.9416784792897384,Arl1
ENSMUSG00000019923,chol1,9.332726599564333e-4,0.012728244910927137,0.07332296530177725,0.9417032788494222,0.9417032788494222,Zwint
ENSMUSG00000022323,chol1,0.011095602069897596,0.15380385867226773,0.07214124642698731,0.9426411660087328,0.9426411660087328,Rida
ENSMUSG00000063406,chol1,0.0012473533463634664,0.017308839763222957,0.07206452676358971,0.9427020584138612,0.9427020584138612,Tmed5
ENSMUSG00000028580,chol1,-5.44524069880579e-4,0.007571489895537895,-0.0719176908895412,0.9428186030112702,0.9428186030112702,Pum1
ENSMUSG00000048833,chol1,6.147676100601941e-4,0.008917339798426085,0.0689406957631805,0.945181728290455,0.945181728290455,Slc39a9
ENSMUSG00000041415,chol1,-4.832793328798598e-4,0.00701987841900458,-0.06884440214398882,0.9452581740269186,0.9452581740269186,Dicer1
ENSMUSG00000018583,chol1,5.676776504421382e-4,0.008291326432492007,0.0684664456361923,0.9455582317026129,0.9455582317026129,G3bp1
ENSMUSG00000001424,chol1,-0.0013234632903109853,0.019384479797612555,-0.0682743774467441,0.9457107166333953,0.9457107166333953,Snd1
ENSMUSG00000044252,chol1,0.0012994718919245106,0.01916839238117491,0.06779242964583243,0.9460933488824994,0.9460933488824994,Osbpl1a
ENSMUSG00000072704,chol1,8.369083269474253e-4,0.012487571146979773,0.06701930400211084,0.9467071819620329,0.9467071819620329,Smim10l1
ENSMUSG00000028426,chol1,-0.0014381035551613902,0.021902533536534697,-0.06565923310938207,0.9477871055691346,0.9477871055691346,Rad23b
ENSMUSG00000027255,chol1,0.0010042237452751756,0.015315513430581207,0.06556905518230911,0.9478587121216342,0.9478587121216342,Arfgap2
ENSMUSG00000027940,chol1,0.0010320016187220738,0.01590466505459319,0.06488672444089207,0.948400536493703,0.948400536493703,Tpm3
ENSMUSG00000041997,chol1,-3.9731770003702233e-4,0.006238072972439388,-0.06369237772504799,0.9493490000911953,0.9493490000911953,Tlk1
ENSMUSG00000027340,chol1,-8.044819658863096e-4,0.012631677441138722,-0.06368765903301811,0.9493527474798957,0.9493527474798957,Slc23a2
ENSMUSG00000071253,chol1,-9.092950809791783e-4,0.014435993576887489,-0.0629880497061865,0.9499083606183734,0.9499083606183734,Slc25a16
ENSMUSG00000016024,chol1,0.0038574806915731424,0.062116265176223616,0.06210097597834454,0.9506128890780109,0.9506128890780109,Lbp
ENSMUSG00000033634,chol1,-0.015923989504137166,0.25949418759658816,-0.06136549589655061,0.951197049147795,0.951197049147795,Nat8f2
ENSMUSG00000067870,chol1,0.0011339548049353859,0.018630625148395294,0.0608650968984289,0.9515945097129404,0.9515945097129404,NA
ENSMUSG00000026874,chol1,-0.025487252262335936,0.4201948417114645,-0.06065579519854574,0.9517607590274012,0.9517607590274012,Hc
ENSMUSG00000010453,chol1,-5.584806399118227e-4,0.009343199427916482,-0.0597740253989594,0.9524611762165611,0.9524611762165611,Kansl3
ENSMUSG00000047213,chol1,4.6966161820545646e-4,0.007945639663431012,0.05910935281485588,0.9529891710205611,0.9529891710205611,Ythdf3
ENSMUSG00000015291,chol1,-3.8142249507065826e-4,0.006458873191118759,-0.05905403060012563,0.9530331181802111,0.9530331181802111,Gdi1
ENSMUSG00000014355,chol1,-4.0401430158170396e-4,0.007069731599540914,-0.057147049487414676,0.9545480839038213,0.9545480839038213,Anapc1
ENSMUSG00000078672,chol1,-0.06221732596585077,1.092254684642051,-0.056962288045704614,0.9546948731534368,0.9546948731534368,Mup20
ENSMUSG00000074264,chol1,-0.0046832417062019375,0.08247453698671563,-0.056784092124776385,0.954836447707756,0.954836447707756,Amy1
ENSMUSG00000034807,chol1,6.891935233896735e-4,0.012163221628631525,0.056662087104238194,0.9549333800905702,0.9549333800905702,Colgalt1
ENSMUSG00000063354,chol1,-9.015757570539172e-4,0.015936883084494,-0.05657164906550122,0.9550052331002191,0.9550052331002191,Slc39a4
ENSMUSG00000047215,chol1,0.0012554007198147398,0.022236164162038483,0.05645761160362165,0.9550958363778407,0.9550958363778407,Rpl9
ENSMUSG00000025240,chol1,5.055830843543625e-4,0.008975422031498889,0.05632972829355975,0.9551974409453615,0.9551974409453615,Sacm1l
ENSMUSG00000009907,chol1,4.731466923825376e-4,0.008403067210208481,0.05630642723025404,0.9552159539526641,0.9552159539526641,Vps4b
ENSMUSG00000006378,chol1,0.0012662810721450635,0.022776273889472533,0.055596498281062286,0.9557800137421576,0.9557800137421576,Gcat
ENSMUSG00000028081,chol1,-0.0017662765087264262,0.03229978598426358,-0.05468384557058534,0.9565051766357506,0.9565051766357506,Rps3a1
ENSMUSG00000025199,chol1,-0.0011814123780576875,0.021914377296767713,-0.05391037865501847,0.9571197758718749,0.9571197758718749,Chuk
ENSMUSG00000005514,chol1,-0.008398594854530005,0.15804370341436896,-0.053140964638812835,0.9577311803559192,0.9577311803559192,Por
ENSMUSG00000005803,chol1,-0.0023295942001532646,0.04441414774465067,-0.05245162450367734,0.9582789766746438,0.9582789766746438,Sqor
ENSMUSG00000030737,chol1,0.002050587346415133,0.03937253270483273,0.05208167231170873,0.9585729739907235,0.9585729739907235,Slco2b1
ENSMUSG00000050445,chol1,-0.006846726306816378,0.13167990893918843,-0.0519952235840191,0.9586416747587263,0.9586416747587263,Cyp8b1
ENSMUSG00000058799,chol1,-4.170911219982598e-4,0.00816294003203686,-0.05109569840784253,0.9593565454626968,0.9593565454626968,Nap1l1
ENSMUSG00000025381,chol1,3.8150080505593365e-4,0.007880310543921687,0.04841189987749865,0.9614896090174366,0.9614896090174366,Cnpy2
ENSMUSG00000027589,chol1,-3.4974961469247986e-4,0.007356965127557911,-0.047539931021608174,0.9621827045534671,0.9621827045534671,Pcmtd2
ENSMUSG00000017756,chol1,-0.001177043636614117,0.024941364404734694,-0.047192431717595816,0.9624589269157298,0.9624589269157298,Slc12a7
ENSMUSG00000034714,chol1,-5.247783297888017e-4,0.01141596840871758,-0.045968796601439876,0.9634316136589816,0.9634316136589816,Ttyh2
ENSMUSG00000069516,chol1,0.0026136165953452983,0.057097807064642535,0.04577437785633915,0.9635861652965083,0.9635861652965083,Lyz2
ENSMUSG00000040147,chol1,-0.002277872327601832,0.050313905465200294,-0.045273216351239653,0.963984566049986,0.963984566049986,Maob
ENSMUSG00000002015,chol1,-5.614746730267386e-4,0.012554104172047427,-0.0447243917472742,0.9644208672887794,0.9644208672887794,Bcap31
ENSMUSG00000035757,chol1,-6.442064817764529e-4,0.014536391799715578,-0.04431680781946573,0.9647448928858029,0.9647448928858029,Selenoo
ENSMUSG00000022514,chol1,0.0018562474061702282,0.042171842097293244,0.04401627516976237,0.9649838174602908,0.9649838174602908,Il1rap
ENSMUSG00000028409,chol1,-2.6890124934346227e-4,0.006115170655944674,-0.04397281195775922,0.9650183711403728,0.9650183711403728,Smu1
ENSMUSG00000026307,chol1,8.240912769822868e-4,0.01919421570279407,0.04293435531530081,0.9658439740578728,0.9658439740578728,Scly
ENSMUSG00000033416,chol1,9.668858973144874e-4,0.02264300293148649,0.04270131043307745,0.9660292565886572,0.9660292565886572,Gucd1
ENSMUSG00000036594,chol1,0.0012480626996495506,0.029785814805241034,0.041901244193257546,0.9666653640450824,0.9666653640450824,H2-Aa
ENSMUSG00000068240,chol1,0.0017435305792097328,0.04178221291542782,0.04172901475416935,0.9668023010777737,0.9668023010777737,Gm11808
ENSMUSG00000027439,chol1,-3.180315736905929e-4,0.007768317908917561,-0.040939567280776676,0.9674299915363072,0.9674299915363072,Gzf1
ENSMUSG00000058921,chol1,-8.135646326448061e-4,0.020061738699460818,-0.04055304701315204,0.9677373216794436,0.9677373216794436,Slc10a5
ENSMUSG00000027288,chol1,9.709238770115932e-4,0.02409723760396694,0.04029191615107607,0.9679449549085839,0.9679449549085839,Zfp106
ENSMUSG00000037563,chol1,0.0020440559320136693,0.05161023981126623,0.039605627477969266,0.9684906547577472,0.9684906547577472,Rps16
ENSMUSG00000038745,chol1,0.002232187728709156,0.05790282346471051,0.038550585189849794,0.9693295967949304,0.9693295967949304,Nlrp6
ENSMUSG00000045294,chol1,0.00630284438742569,0.16491468053264116,0.03821881937416835,0.9695934154663228,0.9695934154663228,Insig1
ENSMUSG00000031770,chol1,-0.005354688611257071,0.14324075753938584,-0.037382437116647696,0.9702585177795031,0.9702585177795031,Herpud1
ENSMUSG00000008348,chol1,0.010344421909575435,0.2804592517802498,0.03688386759899322,0.9706549969285765,0.9706549969285765,Ubc
ENSMUSG00000030109,chol1,7.413975684728358e-4,0.020305012665650414,0.03651303156914762,0.9709499029212008,0.9709499029212008,Slc6a12
ENSMUSG00000037270,chol1,-6.182034768083582e-4,0.017100620736246366,-0.03615093781350393,0.9712378605462055,0.9712378605462055,4932438A13Rik
ENSMUSG00000039536,chol1,-2.609174623948334e-4,0.007351516664811937,-0.03549165081046689,0.9717621729618329,0.9717621729618329,Stau1
ENSMUSG00000073676,chol1,7.794012880894609e-4,0.02205795489286175,0.035334249792200165,0.9718873514077289,0.9718873514077289,Hspe1
ENSMUSG00000006522,chol1,-0.024771421677099663,0.7054022339938493,-0.035116732671583314,0.9720603403601613,0.9720603403601613,Itih3
ENSMUSG00000018417,chol1,-0.0014665192309347942,0.042290985766789614,-0.034676875091581016,0.9724101582843936,0.9724101582843936,Myo1b
ENSMUSG00000027455,chol1,2.045198939220372e-4,0.0058989932372026255,0.03467030486358432,0.9724153836156744,0.9724153836156744,Nsfl1c
ENSMUSG00000028399,chol1,0.0014213886999423406,0.041728698178158524,0.03406261786250304,0.9728986849360423,0.9728986849360423,Ptprd
ENSMUSG00000030788,chol1,-3.379961856708747e-4,0.009953940342584294,-0.033956018826522556,0.9729834655734289,0.9729834655734289,Rnf141
ENSMUSG00000032702,chol1,4.251019019984425e-4,0.012753480646842712,0.03333222621886221,0.9734795882047083,0.9734795882047083,Kank1
ENSMUSG00000040407,chol1,3.3716146752654845e-4,0.010326848836802044,0.03264901741613549,0.9740229784298913,0.9740229784298913,Akap9
ENSMUSG00000030967,chol1,-1.9836087169904565e-4,0.00608677308869845,-0.032588839572046814,0.9740708414780164,0.9740708414780164,Zranb1
ENSMUSG00000016534,chol1,-0.002907354293488014,0.08955672862374892,-0.03246382866107766,0.9741702704551001,0.9741702704551001,Lamp2
ENSMUSG00000030545,chol1,0.0010596207626936349,0.032959155996532166,0.03214951143788767,0.9744202683513631,0.9744202683513631,Pex11a
ENSMUSG00000014077,chol1,-0.0015347826779518103,0.04853760676966954,-0.03162048522983367,0.9748410446788536,0.9748410446788536,Chp1
ENSMUSG00000000301,chol1,-0.0012963193876408903,0.04126597770086681,-0.03141375680076666,0.9750054740659653,0.9750054740659653,Pemt
ENSMUSG00000029169,chol1,2.6223245882161286e-4,0.008565542332705149,0.03061481090582565,0.9756409564145798,0.9756409564145798,Dhx15
ENSMUSG00000036813,chol1,4.637585779354431e-4,0.01545156717496694,0.030013691988912145,0.976119097367959,0.976119097367959,Entpd8
ENSMUSG00000029499,chol1,-5.53183156680231e-4,0.018620632792163187,-0.0297080750613936,0.9763621940014169,0.9763621940014169,Pxmp2
ENSMUSG00000022464,chol1,-0.007741450779655646,0.2648085011290903,-0.029234147493934874,0.9767391742382234,0.9767391742382234,Slc38a4
ENSMUSG00000022194,chol1,-1.9713727279772024e-4,0.006777004715254183,-0.029089144995574388,0.9768545158674806,0.9768545158674806,Bcl2l2
ENSMUSG00000009614,chol1,0.009004433662530885,0.3149713779056769,0.028588101313851453,0.9772530727319546,0.9772530727319546,Sardh
ENSMUSG00000041168,chol1,-5.536806554102471e-4,0.019469536158848808,-0.028438307461094905,0.9773722278755086,0.9773722278755086,Lonp1
ENSMUSG00000038274,chol1,0.002076618463763881,0.07309061600849796,0.02841156056917677,0.9773935040346005,0.9773935040346005,Fau
ENSMUSG00000029144,chol1,1.7702486632628474e-4,0.006388862588094753,0.02770835401220861,0.9779528845472714,0.9779528845472714,NA
ENSMUSG00000094724,chol1,6.231610284051253e-4,0.02263978094306544,0.02752504672957091,0.9780987020191138,0.9780987020191138,Rnaset2b
ENSMUSG00000019082,chol1,-0.001565724679484423,0.05718483976177416,-0.027380065870728366,0.9782140320734511,0.9782140320734511,Slc25a22
ENSMUSG00000021764,chol1,1.798259443263055e-4,0.006769091970905792,0.02656574103280243,0.9788618235459028,0.9788618235459028,Ndufs4
ENSMUSG00000042682,chol1,-1.9964805710303717e-4,0.0075665721173676015,-0.02638553548505587,0.9790051781169695,0.9790051781169695,Selenok
ENSMUSG00000041936,chol1,1.9139020673147785e-4,0.007285008822086999,0.026271787914822133,0.9790956653317088,0.9790956653317088,Agrn
ENSMUSG00000006014,chol1,9.001308754014241e-4,0.036178961336772425,0.024879953490719146,0.9802029038984101,0.9802029038984101,Prg4
ENSMUSG00000062014,chol1,-1.7591922749071495e-4,0.007235810779070507,-0.02431230346702254,0.98065449472049,0.98065449472049,Gmfb
ENSMUSG00000030935,chol1,8.675466889384716e-4,0.03602954841411368,0.024078755552723822,0.9808402943029451,0.9808402943029451,Acsm3
ENSMUSG00000030704,chol1,2.02412283345246e-4,0.008829966802988804,0.022923334578872103,0.9817595074611809,0.9817595074611809,Rab6a
ENSMUSG00000060992,chol1,-3.510703369180714e-4,0.015316539811899623,-0.02292099529198626,0.9817613685426856,0.9817613685426856,Copz1
ENSMUSG00000058624,chol1,3.626282277576461e-4,0.015869789104583917,0.022850223488660136,0.9818176729687993,0.9818176729687993,Gda
ENSMUSG00000032902,chol1,6.09366847194376e-4,0.02687546153899094,0.02267372585621669,0.9819580908437766,0.9819580908437766,Slc16a1
ENSMUSG00000004535,chol1,4.6003246054368476e-4,0.020458027925951732,0.022486647403590514,0.9821069272208262,0.9821069272208262,Tax1bp1
ENSMUSG00000081534,chol1,1.378899785605424e-4,0.006377916350137237,0.021619910169812018,0.9827964965267286,0.9827964965267286,Slc48a1
ENSMUSG00000003585,chol1,0.0026697903410510477,0.12419488803241402,0.021496781255233716,0.9828944579912529,0.9828944579912529,Sec14l2
ENSMUSG00000022698,chol1,2.5057047037652824e-4,0.01169577878522326,0.021424009035901505,0.9829523557513963,0.9829523557513963,Naa50
ENSMUSG00000027215,chol1,-2.702565416175185e-4,0.012635303088932176,-0.02138900347030442,0.9829802062996569,0.9829802062996569,Cd82
ENSMUSG00000023367,chol1,0.0011749973308306638,0.059923764468413375,0.019608202876673756,0.9843970444170449,0.9843970444170449,Tmem176a
ENSMUSG00000030131,chol1,0.012618635451735478,0.6439610481717214,0.019595339636708183,0.9844072788376549,0.9844072788376549,Mug2
ENSMUSG00000039960,chol1,3.528080092301833e-4,0.018200217232903118,0.019384824077394096,0.9845747723722293,0.9845747723722293,Rhou
ENSMUSG00000022216,chol1,-2.3434941149122268e-4,0.012145730644909904,-0.019294797352470108,0.9846464009914702,0.9846464009914702,Psme1
ENSMUSG00000078866,chol1,-0.001353171188469201,0.07034834223709452,-0.01923529603453366,0.9846937425277367,0.9846937425277367,Zfp970
ENSMUSG00000016194,chol1,0.003503426653808632,0.18289090901159533,0.019155827223684002,0.98475697105444715,0.98475697105444715,Hsd11b1
ENSMUSG00000030313,chol1,-3.4393465701169836e-4,0.018569979100192993,-0.018521003990151174,0.9852620649669566,0.9852620649669566,Dennd5b
ENSMUSG00000026385,chol1,-0.001313769168510718,0.07468027980758211,-0.017591915454732054,0.9860013003480578,0.9860013003480578,Dbi
ENSMUSG00000019818,chol1,-7.060678830043e-4,0.04015462158316048,-0.017583726484435392,0.9860078160111618,0.9860078160111618,Cd164
ENSMUSG00000041459,chol1,2.945464995135373e-4,0.016789605013546552,0.017543384688078423,0.9860399145116834,0.9860399145116834,Tardbp
ENSMUSG00000021583,chol1,-2.078872663400603e-4,0.012562526260677085,-0.016548205514266983,0.9868317495315309,0.9868317495315309,Erap1
ENSMUSG00000038224,chol1,-0.002919449935853826,0.1768209475911001,-0.016510769654990643,0.9868615364141602,0.9868615364141602,Serpinf2
ENSMUSG00000078578,chol1,-3.1731231864711324e-4,0.01923658126060802,-0.016495255282023214,0.9868738808619651,0.9868738808619651,Ube2d3
ENSMUSG00000025982,chol1,2.157027664649124e-4,0.013248901262729977,0.01628080413518503,0.9870445152825686,0.9870445152825686,Sf3b1
ENSMUSG00000021133,chol1,-2.071393823025375e-4,0.012985765713350493,-0.015951264397876842,0.9873067245269853,0.9873067245269853,Susd6
ENSMUSG00000026687,chol1,7.692514271445695e-4,0.050687649278778696,0.015176308984339318,0.9879233489957446,0.9879233489957446,Aldh9a1
ENSMUSG00000058793,chol1,3.6874945109821345e-4,0.027672699718863915,0.013325387650806056,0.9893961380130929,0.9893961380130929,Cds2
ENSMUSG00000041846,chol1,-1.2237220275354284e-4,0.009218907091647735,-0.013274046645335128,0.98943699090060655,0.98943699090060655,Ppp4r3a
ENSMUSG00000026730,chol1,2.681272332767896e-4,0.02124566583601845,0.012620326204238091,0.9899571694942778,0.9899571694942778,Pter
ENSMUSG00000098274,chol1,4.230645077965559e-4,0.033955104487444106,0.012459526017744884,0.9900851221323006,0.9900851221323006,Rpl24
ENSMUSG00000060802,chol1,0.002251147699778746,0.19420357389656023,0.011591690382473537,0.9907756845426374,0.9907756845426374,B2m
ENSMUSG00000022663,chol1,-1.1142451847323808e-4,0.01015863313889432,-0.010968455790240859,0.9912716150503201,0.9912716150503201,Atg3
ENSMUSG00000037110,chol1,1.2184047838403055e-4,0.01133128794009457,0.010752571025303383,0.9914434032444615,0.9914434032444615,Ralgapa2
ENSMUSG00000028228,chol1,9.961378841238156e-5,0.009714366710652561,0.010254275073139587,0.9918399189088509,0.9918399189088509,Cpne3
ENSMUSG00000033417,chol1,-1.0501683298748437e-4,0.010475925507789897,-0.010024587604159065,0.9920226918683356,0.9920226918683356,Cacul1
ENSMUSG00000018796,chol1,0.003507653412661835,0.35016745254882975,0.01001707436579276,0.9920286705073952,0.9920286705073952,Acsl1
ENSMUSG00000043252,chol1,-9.287439405550548e-5,0.009935589490132044,-0.009347648083462752,0.9925613664414648,0.9925613664414648,Tmem64
ENSMUSG00000083563,chol1,-0.003321508597308542,0.391559529732864,-0.00848276786820792,0.9932495997864167,0.9932495997864167,NA
ENSMUSG00000022843,chol1,-9.824519334256301e-5,0.012292072148724117,-0.007992565627168125,0.9936396833036434,0.9936396833036434,Clcn2
ENSMUSG00000041426,chol1,-1.4731416984526375e-4,0.019297247521051237,-0.007633947260331284,0.9939250585718928,0.9939250585718928,Hibch
ENSMUSG00000025791,chol1,2.9141991200354225e-4,0.03919765915889648,0.007434625389802141,0.9940836719079469,0.9940836719079469,Pgm1
ENSMUSG00000029173,chol1,-1.1088637948701243e-4,0.016948239064122832,-0.006542649007220116,0.9947934781691314,0.9947934781691314,Sepsecs
ENSMUSG00000075706,chol1,-1.750728855442808e-4,0.027403660000095576,-0.006388667993387387,0.994916011772015,0.994916011772015,Gpx4
ENSMUSG00000031068,chol1,5.081091087557433e-5,0.00944990574877651,0.005376869592816085,0.9957211743436369,0.9957211743436369,Glrx3
ENSMUSG00000019731,chol1,5.802485771605168e-5,0.011362234304573258,0.005106817564279315,0.9959360754323067,0.9959360754323067,Slc35e1
ENSMUSG00000030451,chol1,5.818324278247726e-5,0.013205995447735342,0.0044058202967543,0.9964939140221485,0.9964939140221485,Herc2
ENSMUSG00000033400,chol1,-8.473256644939858e-5,0.019572179571925963,-0.004329235082787493,0.9965548590032288,0.9965548590032288,Agl
ENSMUSG00000060739,chol1,-2.3219405722353204e-5,0.006324213143190754,-0.0036715090394057025,0.9970782650329151,0.9970782650329151,Nsa2
ENSMUSG00000031431,chol1,-1.7519381613728436e-4,0.057795124544838684,-0.0030312905719472112,0.9975877400912245,0.9975877400912245,Tsc22d3
ENSMUSG00000025937,chol1,2.3179923541207854e-4,0.07704104064942184,0.0030087760167582587,0.9976056568139289,0.9976056568139289,Lactb2
ENSMUSG00000021576,chol1,1.971254767910425e-5,0.006564630207850448,0.003002842057353146,0.9976103789640631,0.9976103789640631,Pdcd6
ENSMUSG00000025991,chol1,-0.0033764814320513393,1.1731146772606131,-0.0028782194081280236,0.9977095516975825,0.9977095516975825,Cps1
ENSMUSG00000058569,chol1,3.590971319343055e-5,0.013283682218721168,0.002703295110660033,0.9978487537476086,0.9978487537476086,Tmed9
ENSMUSG00000030057,chol1,-3.911749511369868e-5,0.02579904237926375,-0.0015162382594921344,0.9987933967652178,0.9987933967652178,Cnbp
ENSMUSG00000022051,chol1,1.2554438139845858e-5,0.008858540813698799,0.0014172128800752086,0.9988721998548518,0.9988721998548518,Bnip3l
ENSMUSG00000027422,chol1,-9.40970888833117e-5,0.06953184261593062,-0.0013532949127074171,0.9989230649354395,0.9989230649354395,Rrbp1
ENSMUSG00000007850,chol1,1.200941097459246e-5,0.011575862418188716,0.0010374528083300753,0.9991744080032264,0.9991744080032264,Hnrnph1
ENSMUSG00000032238,chol1,-1.6368035405217667e-5,0.01614652617777903,-0.0010137186924914835,0.9991932953097791,0.9991932953097791,Rora
ENSMUSG00000046691,chol1,5.501502484120683e-7,0.005439376986074829,1.0114214363528947e-4,0.9999195123299642,0.9999195123299642,Chtf8
